 ********************* Total delocalization index matrix *********************
             1             2             3             4             5      
     1    4.42265459    1.34912263    0.09894913    0.08833189    0.09894909
     2    1.34912263    4.21325671    1.48184187    0.10397593    0.09684763
     3    0.09894913    1.48184187    4.23355035    1.45462789    0.10428574
     4    0.08833189    0.10397593    1.45462789    4.23351581    1.45462322
     5    0.09894909    0.09684763    0.10428574    1.45462322    4.23354781
     6    1.34912971    0.08929398    0.09684643    0.10397656    1.48184422
     7    0.04038575    0.86007632    0.04276567    0.00778326    0.00249037
     8    0.00799892    0.04562343    0.87535065    0.04459936    0.00813778
     9    0.00229701    0.00811267    0.04480864    0.87687233    0.04480759
    10    0.00799892    0.00249326    0.00813773    0.04459937    0.87535069
    11    0.04038679    0.00772622    0.00249034    0.00778344    0.04276561
    12    1.21166116    0.10073030    0.01350582    0.00971055    0.01350571
    13    0.10107409    0.04453792    0.00628413    0.02065086    0.00628394
    14    0.01018401    0.00472863    0.00087598    0.00257637    0.00087596
    15    0.01178947    0.01207505    0.00182621    0.00799040    0.00182616
    16    0.00120330    0.00101551    0.00017803    0.00071601    0.00017803
    17    0.00101549    0.00153991    0.00023457    0.00138925    0.00023509
    18    0.00101550    0.00154373    0.00023509    0.00138925    0.00023457
    19    0.00017803    0.00023457    0.00003803    0.00021170    0.00003878
    20    0.00002361    0.00003212    0.00000500    0.00002695    0.00000495
    21    0.00017803    0.00023509    0.00003878    0.00021169    0.00003803
    22    0.00002361    0.00003162    0.00000495    0.00002695    0.00000500
    23    0.00071600    0.00138925    0.00021169    0.00140562    0.00021169
    24    0.00001223    0.00000685    0.00000125    0.00000088    0.00000143
    25    0.00001223    0.00000748    0.00000143    0.00000088    0.00000125
    26    0.00001799    0.00003474    0.00000529    0.00003520    0.00000529
             6             7             8             9            10      
     1    1.34912971    0.04038575    0.00799892    0.00229701    0.00799892
     2    0.08929398    0.86007632    0.04562343    0.00811267    0.00249326
     3    0.09684643    0.04276567    0.87535065    0.04480864    0.00813773
     4    0.10397656    0.00778326    0.04459936    0.87687233    0.04459937
     5    1.48184422    0.00249037    0.00813778    0.04480759    0.87535069
     6    4.21325864    0.00772603    0.00249323    0.00811266    0.04562322
     7    0.00772603    0.98387135    0.00364019    0.00122459    0.00013009
     8    0.00249323    0.00364019    0.99516809    0.00359487    0.00133529
     9    0.00811266    0.00122459    0.00359487    0.99603466    0.00359472
    10    0.04562322    0.00013009    0.00133529    0.00359472    0.99516774
    11    0.86007528    0.00140038    0.00013009    0.00122464    0.00364025
    12    0.10072634    0.01417457    0.00138995    0.00046457    0.00138993
    13    0.04453691    0.00152453    0.00061108    0.00052029    0.00061105
    14    0.00472850    0.00011937    0.00007119    0.00006339    0.00007119
    15    0.01207478    0.00030326    0.00016066    0.00020122    0.00016065
    16    0.00101549    0.00002361    0.00001223    0.00001799    0.00001223
    17    0.00154370    0.00003212    0.00000685    0.00003474    0.00000748
    18    0.00153989    0.00003162    0.00000748    0.00003474    0.00000685
    19    0.00023509    0.00000500    0.00000125    0.00000529    0.00000143
    20    0.00003162    0.00000072    0.00000029    0.00000067    0.00000030
    21    0.00023457    0.00000495    0.00000143    0.00000529    0.00000125
    22    0.00003212    0.00000072    0.00000030    0.00000067    0.00000029
    23    0.00138923    0.00002695    0.00000088    0.00003520    0.00000088
    24    0.00000748    0.00000029    0.00000033    0.00000003    0.00000033
    25    0.00000685    0.00000030    0.00000033    0.00000003    0.00000033
    26    0.00003474    0.00000067    0.00000003    0.00000087    0.00000003
            11            12            13            14            15      
     1    0.04038679    1.21166116    0.10107409    0.01018401    0.01178947
     2    0.00772622    0.10073030    0.04453792    0.00472863    0.01207505
     3    0.00249034    0.01350582    0.00628413    0.00087598    0.00182621
     4    0.00778344    0.00971055    0.02065086    0.00257637    0.00799040
     5    0.04276561    0.01350571    0.00628394    0.00087596    0.00182616
     6    0.86007528    0.10072634    0.04453691    0.00472850    0.01207478
     7    0.00140038    0.01417457    0.00152453    0.00011937    0.00030326
     8    0.00013009    0.00138995    0.00061108    0.00007119    0.00016066
     9    0.00122464    0.00046457    0.00052029    0.00006339    0.00020122
    10    0.00364025    0.00138993    0.00061105    0.00007119    0.00016065
    11    0.98387125    0.01417409    0.00152453    0.00011938    0.00030325
    12    0.01417409    4.23042437    2.41648857    0.12718229    0.15660956
    13    0.00152453    2.41648857    4.19372994    1.39748590    0.12718224
    14    0.00011938    0.12718229    1.39748590    4.19373018    2.41648906
    15    0.00030325    0.15660956    0.12718224    2.41648906    4.23042452
    16    0.00002361    0.01178947    0.01018399    0.10107409    1.21166055
    17    0.00003162    0.01207479    0.00472851    0.04453689    0.10072654
    18    0.00003212    0.01207496    0.00472859    0.04453775    0.10073016
    19    0.00000495    0.00182615    0.00087596    0.00628393    0.01350575
    20    0.00000072    0.00030326    0.00011938    0.00152448    0.01417394
    21    0.00000500    0.00182621    0.00087597    0.00628412    0.01350579
    22    0.00000072    0.00030325    0.00011938    0.00152460    0.01417487
    23    0.00002695    0.00799034    0.00257635    0.02065071    0.00971049
    24    0.00000030    0.00016065    0.00007119    0.00061105    0.00138995
    25    0.00000029    0.00016066    0.00007119    0.00061108    0.00138994
    26    0.00000067    0.00020122    0.00006339    0.00052028    0.00046457
            16            17            18            19            20      
     1    0.00120330    0.00101549    0.00101550    0.00017803    0.00002361
     2    0.00101551    0.00153991    0.00154373    0.00023457    0.00003212
     3    0.00017803    0.00023457    0.00023509    0.00003803    0.00000500
     4    0.00071601    0.00138925    0.00138925    0.00021170    0.00002695
     5    0.00017803    0.00023509    0.00023457    0.00003878    0.00000495
     6    0.00101549    0.00154370    0.00153989    0.00023509    0.00003162
     7    0.00002361    0.00003212    0.00003162    0.00000500    0.00000072
     8    0.00001223    0.00000685    0.00000748    0.00000125    0.00000029
     9    0.00001799    0.00003474    0.00003474    0.00000529    0.00000067
    10    0.00001223    0.00000748    0.00000685    0.00000143    0.00000030
    11    0.00002361    0.00003162    0.00003212    0.00000495    0.00000072
    12    0.01178947    0.01207479    0.01207496    0.00182615    0.00030326
    13    0.01018399    0.00472851    0.00472859    0.00087596    0.00011938
    14    0.10107409    0.04453689    0.04453775    0.00628393    0.00152448
    15    1.21166055    0.10072654    0.10073016    0.01350575    0.01417394
    16    4.42265571    1.34913269    1.34912177    0.09894966    0.04038674
    17    1.34913269    4.21325777    0.08929425    1.48183984    0.86007608
    18    1.34912177    0.08929425    4.21325782    0.09684824    0.00772623
    19    0.09894966    1.48183984    0.09684824    4.23354948    0.04276543
    20    0.04038674    0.86007608    0.00772623    0.04276543    0.98387147
    21    0.09894861    0.09684657    1.48184380    0.10428626    0.00249034
    22    0.04038595    0.00772604    0.86007555    0.00249039    0.00140039
    23    0.08833137    0.10397567    0.10397631    1.45462733    0.00778334
    24    0.00799891    0.04562320    0.00249328    0.87535061    0.00364020
    25    0.00799891    0.00249323    0.04562338    0.00813780    0.00013009
    26    0.00229699    0.00811264    0.00811269    0.04480801    0.00122460
            21            22            23            24            25      
     1    0.00017803    0.00002361    0.00071600    0.00001223    0.00001223
     2    0.00023509    0.00003162    0.00138925    0.00000685    0.00000748
     3    0.00003878    0.00000495    0.00021169    0.00000125    0.00000143
     4    0.00021169    0.00002695    0.00140562    0.00000088    0.00000088
     5    0.00003803    0.00000500    0.00021169    0.00000143    0.00000125
     6    0.00023457    0.00003212    0.00138923    0.00000748    0.00000685
     7    0.00000495    0.00000072    0.00002695    0.00000029    0.00000030
     8    0.00000143    0.00000030    0.00000088    0.00000033    0.00000033
     9    0.00000529    0.00000067    0.00003520    0.00000003    0.00000003
    10    0.00000125    0.00000029    0.00000088    0.00000033    0.00000033
    11    0.00000500    0.00000072    0.00002695    0.00000030    0.00000029
    12    0.00182621    0.00030325    0.00799034    0.00016065    0.00016066
    13    0.00087597    0.00011938    0.00257635    0.00007119    0.00007119
    14    0.00628412    0.00152460    0.02065071    0.00061105    0.00061108
    15    0.01350579    0.01417487    0.00971049    0.00138995    0.00138994
    16    0.09894861    0.04038595    0.08833137    0.00799891    0.00799891
    17    0.09684657    0.00772604    0.10397567    0.04562320    0.00249323
    18    1.48184380    0.86007555    0.10397631    0.00249328    0.04562338
    19    0.10428626    0.00249039    1.45462733    0.87535061    0.00813780
    20    0.00249034    0.00140039    0.00778334    0.00364020    0.00013009
    21    4.23354934    0.04276568    1.45462525    0.00813776    0.87535079
    22    0.04276568    0.98387125    0.00778330    0.00013008    0.00364021
    23    1.45462525    0.00778330    4.23351604    0.04459973    0.04459929
    24    0.00813776    0.00013008    0.04459973    0.99516813    0.00133530
    25    0.87535079    0.00364021    0.04459929    0.00133530    0.99516806
    26    0.04480808    0.00122461    0.87687223    0.00359483    0.00359479
            26      
     1    0.00001799
     2    0.00003474
     3    0.00000529
     4    0.00003520
     5    0.00000529
     6    0.00003474
     7    0.00000067
     8    0.00000003
     9    0.00000087
    10    0.00000003
    11    0.00000067
    12    0.00020122
    13    0.00006339
    14    0.00052028
    15    0.00046457
    16    0.00229699
    17    0.00811264
    18    0.00811269
    19    0.04480801
    20    0.00122460
    21    0.04480808
    22    0.00122461
    23    0.87687223
    24    0.00359483
    25    0.00359479
    26    0.99603442
 
 Localization index:
    1(C ):  3.832    2(C ):  4.070    3(C ):  4.085    4(C ):  4.082
    5(C ):  4.085    6(C ):  4.070    7(H ):  0.275    8(H ):  0.288
    9(H ):  0.289   10(H ):  0.288   11(H ):  0.275   12(C ):  3.947
   13(C ):  3.948   14(C ):  3.948   15(C ):  3.947   16(C ):  3.832
   17(C ):  4.070   18(C ):  4.070   19(C ):  4.085   20(H ):  0.275
   21(C ):  4.085   22(H ):  0.275   23(C ):  4.082   24(H ):  0.288
   25(H ):  0.288   26(H ):  0.289
 
