 ********************* Total delocalization index matrix *********************
             1             2             3             4             5      
     1    4.42263918    1.34932024    0.09899084    0.08840579    0.09900608
     2    1.34932024    4.21314744    1.48183224    0.10404058    0.09684164
     3    0.09899084    1.48183224    4.23334535    1.45458573    0.10413092
     4    0.08840579    0.10404058    1.45458573    4.23337459    1.45455140
     5    0.09900608    0.09684164    0.10413092    1.45455140    4.23337695
     6    1.34929211    0.08918267    0.09683607    0.10402223    1.48185858
     7    0.04041875    0.86005630    0.04275769    0.00778411    0.00248939
     8    0.00799863    0.04561695    0.87539004    0.04459909    0.00813584
     9    0.00229960    0.00811501    0.04480772    0.87692081    0.04481353
    10    0.00799934    0.00249228    0.00813477    0.04460431    0.87539514
    11    0.04040891    0.00772440    0.00248936    0.00778358    0.04276443
    12    1.21123459    0.10072544    0.01349331    0.00972407    0.01349398
    13    0.10106553    0.04458879    0.00628939    0.02072374    0.00628899
    14    0.01010019    0.00473459    0.00087063    0.00258885    0.00087061
    15    0.01178087    0.01213022    0.00183172    0.00806290    0.00183175
    16    0.00116712    0.00100439    0.00017363    0.00070522    0.00017364
    17    0.00100417    0.00145353    0.00022241    0.00127235    0.00022283
    18    0.00100453    0.00145823    0.00022303    0.00127318    0.00022244
    19    0.00017362    0.00022240    0.00003606    0.00019522    0.00003677
    20    0.00002356    0.00003132    0.00000488    0.00002572    0.00000484
    21    0.00017365    0.00022302    0.00003680    0.00019534    0.00003607
    22    0.00002356    0.00003082    0.00000483    0.00002569    0.00000488
    23    0.00070524    0.00127303    0.00019533    0.00124733    0.00019523
    24    0.00001229    0.00000844    0.00000146    0.00000303    0.00000162
    25    0.00001229    0.00000909    0.00000163    0.00000309    0.00000146
    26    0.00001768    0.00003183    0.00000488    0.00003125    0.00000488
             6             7             8             9            10      
     1    1.34929211    0.04041875    0.00799863    0.00229960    0.00799934
     2    0.08918267    0.86005630    0.04561695    0.00811501    0.00249228
     3    0.09683607    0.04275769    0.87539004    0.04480772    0.00813477
     4    0.10402223    0.00778411    0.04459909    0.87692081    0.04460431
     5    1.48185858    0.00248939    0.00813584    0.04481353    0.87539514
     6    4.21312110    0.00772455    0.00249209    0.00811341    0.04561476
     7    0.00772455    0.98386157    0.00363982    0.00122512    0.00013009
     8    0.00249209    0.00363982    0.99519766    0.00359476    0.00133492
     9    0.00811341    0.00122512    0.00359476    0.99608806    0.00359617
    10    0.04561476    0.00013009    0.00133492    0.00359617    0.99520724
    11    0.86007070    0.00139987    0.00013022    0.00122451    0.00363993
    12    0.10072054    0.01416679    0.00138911    0.00046437    0.00138938
    13    0.04458431    0.00152234    0.00060933    0.00052195    0.00060936
    14    0.00473474    0.00011958    0.00007071    0.00006362    0.00007070
    15    0.01212994    0.00030344    0.00015882    0.00020294    0.00015889
    16    0.00100428    0.00002356    0.00001229    0.00001768    0.00001229
    17    0.00145697    0.00003128    0.00000849    0.00003181    0.00000905
    18    0.00145389    0.00003082    0.00000908    0.00003183    0.00000845
    19    0.00022284    0.00000488    0.00000146    0.00000488    0.00000162
    20    0.00003084    0.00000071    0.00000031    0.00000064    0.00000031
    21    0.00022245    0.00000483    0.00000163    0.00000488    0.00000146
    22    0.00003129    0.00000070    0.00000031    0.00000063    0.00000031
    23    0.00127249    0.00002569    0.00000308    0.00003125    0.00000303
    24    0.00000904    0.00000031    0.00000029    0.00000008    0.00000030
    25    0.00000850    0.00000031    0.00000030    0.00000008    0.00000030
    26    0.00003182    0.00000063    0.00000008    0.00000078    0.00000008
            11            12            13            14            15      
     1    0.04040891    1.21123459    0.10106553    0.01010019    0.01178087
     2    0.00772440    0.10072544    0.04458879    0.00473459    0.01213022
     3    0.00248936    0.01349331    0.00628939    0.00087063    0.00183172
     4    0.00778358    0.00972407    0.02072374    0.00258885    0.00806290
     5    0.04276443    0.01349398    0.00628899    0.00087061    0.00183175
     6    0.86007070    0.10072054    0.04458431    0.00473474    0.01212994
     7    0.00139987    0.01416679    0.00152234    0.00011958    0.00030344
     8    0.00013022    0.00138911    0.00060933    0.00007071    0.00015882
     9    0.00122451    0.00046437    0.00052195    0.00006362    0.00020294
    10    0.00363993    0.00138938    0.00060936    0.00007070    0.00015889
    11    0.98385945    0.01415630    0.00152058    0.00011953    0.00030332
    12    0.01415630    4.23037434    2.41685602    0.12714704    0.15651685
    13    0.00152058    2.41685602    4.19372550    1.39705400    0.12714678
    14    0.00011953    0.12714704    1.39705400    4.19372577    2.41685187
    15    0.00030332    0.15651685    0.12714678    2.41685187    4.23038037
    16    0.00002356    0.01178116    0.01010039    0.10106673    1.21124521
    17    0.00003083    0.01212872    0.00473420    0.04457891    0.10070266
    18    0.00003132    0.01213235    0.00473543    0.04459647    0.10074347
    19    0.00000483    0.00183149    0.00087055    0.00628802    0.01349292
    20    0.00000070    0.00030336    0.00011954    0.00152039    0.01415417
    21    0.00000488    0.00183209    0.00087071    0.00629054    0.01349373
    22    0.00000071    0.00030346    0.00011959    0.00152285    0.01417080
    23    0.00002572    0.00806325    0.00258895    0.02072452    0.00972426
    24    0.00000031    0.00015885    0.00007069    0.00060926    0.00138937
    25    0.00000031    0.00015887    0.00007072    0.00060947    0.00138909
    26    0.00000064    0.00020295    0.00006362    0.00052196    0.00046437
            16            17            18            19            20      
     1    0.00116712    0.00100417    0.00100453    0.00017362    0.00002356
     2    0.00100439    0.00145353    0.00145823    0.00022240    0.00003132
     3    0.00017363    0.00022241    0.00022303    0.00003606    0.00000488
     4    0.00070522    0.00127235    0.00127318    0.00019522    0.00002572
     5    0.00017364    0.00022283    0.00022244    0.00003677    0.00000484
     6    0.00100428    0.00145697    0.00145389    0.00022284    0.00003084
     7    0.00002356    0.00003128    0.00003082    0.00000488    0.00000071
     8    0.00001229    0.00000849    0.00000908    0.00000146    0.00000031
     9    0.00001768    0.00003181    0.00003183    0.00000488    0.00000064
    10    0.00001229    0.00000905    0.00000845    0.00000162    0.00000031
    11    0.00002356    0.00003083    0.00003132    0.00000483    0.00000070
    12    0.01178116    0.01212872    0.01213235    0.00183149    0.00030336
    13    0.01010039    0.00473420    0.00473543    0.00087055    0.00011954
    14    0.10106673    0.04457891    0.04459647    0.00628802    0.00152039
    15    1.21124521    0.10070266    0.10074347    0.01349292    0.01415417
    16    4.42264229    1.34929050    1.34931270    0.09900708    0.04041373
    17    1.34929050    4.21311989    0.08918380    1.48189043    0.86006958
    18    1.34931270    0.08918380    4.21314696    0.09684577    0.00772465
    19    0.09900708    1.48189043    0.09684577    4.23337156    0.04276223
    20    0.04041373    0.86006958    0.00772465    0.04276223    0.98385982
    21    0.09898700    0.09683078    1.48180644    0.10413093    0.00248920
    22    0.04041627    0.00772433    0.86005502    0.00248951    0.00139989
    23    0.08840594    0.10402217    0.10404127    1.45451507    0.00778449
    24    0.00799990    0.04561525    0.00249239    0.87539467    0.00363993
    25    0.00799844    0.00249197    0.04561499    0.00813625    0.00013025
    26    0.00229959    0.00811286    0.00811537    0.04481205    0.00122458
            21            22            23            24            25      
     1    0.00017365    0.00002356    0.00070524    0.00001229    0.00001229
     2    0.00022302    0.00003082    0.00127303    0.00000844    0.00000909
     3    0.00003680    0.00000483    0.00019533    0.00000146    0.00000163
     4    0.00019534    0.00002569    0.00124733    0.00000303    0.00000309
     5    0.00003607    0.00000488    0.00019523    0.00000162    0.00000146
     6    0.00022245    0.00003129    0.00127249    0.00000904    0.00000850
     7    0.00000483    0.00000070    0.00002569    0.00000031    0.00000031
     8    0.00000163    0.00000031    0.00000308    0.00000029    0.00000030
     9    0.00000488    0.00000063    0.00003125    0.00000008    0.00000008
    10    0.00000146    0.00000031    0.00000303    0.00000030    0.00000030
    11    0.00000488    0.00000071    0.00002572    0.00000031    0.00000031
    12    0.00183209    0.00030346    0.00806325    0.00015885    0.00015887
    13    0.00087071    0.00011959    0.00258895    0.00007069    0.00007072
    14    0.00629054    0.00152285    0.02072452    0.00060926    0.00060947
    15    0.01349373    0.01417080    0.00972426    0.00138937    0.00138909
    16    0.09898700    0.04041627    0.08840594    0.00799990    0.00799844
    17    0.09683078    0.00772433    0.10402217    0.04561525    0.00249197
    18    1.48180644    0.86005502    0.10404127    0.00249239    0.04561499
    19    0.10413093    0.00248951    1.45451507    0.87539467    0.00813625
    20    0.00248920    0.00139989    0.00778449    0.00363993    0.00013025
    21    4.23334816    0.04275792    1.45462056    0.00813426    0.87539026
    22    0.04275792    0.98386161    0.00778363    0.00013007    0.00363945
    23    1.45462056    0.00778363    4.23337725    0.04460437    0.04460095
    24    0.00813426    0.00013007    0.04460437    0.99520709    0.00133491
    25    0.87539026    0.00363945    0.04460095    0.00133491    0.99519813
    26    0.04480875    0.00122510    0.87692042    0.00359597    0.00359518
            26      
     1    0.00001768
     2    0.00003183
     3    0.00000488
     4    0.00003125
     5    0.00000488
     6    0.00003182
     7    0.00000063
     8    0.00000008
     9    0.00000078
    10    0.00000008
    11    0.00000064
    12    0.00020295
    13    0.00006362
    14    0.00052196
    15    0.00046437
    16    0.00229959
    17    0.00811286
    18    0.00811537
    19    0.04481205
    20    0.00122458
    21    0.04480875
    22    0.00122510
    23    0.87692042
    24    0.00359597
    25    0.00359518
    26    0.99608731
 
 Localization index:
    1(C ):  3.832    2(C ):  4.070    3(C ):  4.085    4(C ):  4.083
    5(C ):  4.085    6(C ):  4.070    7(H ):  0.275    8(H ):  0.288
    9(H ):  0.289   10(H ):  0.288   11(H ):  0.275   12(C ):  3.947
   13(C ):  3.948   14(C ):  3.948   15(C ):  3.947   16(C ):  3.832
   17(C ):  4.070   18(C ):  4.070   19(C ):  4.085   20(H ):  0.275
   21(C ):  4.085   22(H ):  0.275   23(C ):  4.083   24(H ):  0.288
   25(H ):  0.288   26(H ):  0.289
 
