 ********************* Total delocalization index matrix *********************
             1             2             3             4             5      
     1    4.42285494    1.34998102    0.09908703    0.08864939    0.09909640
     2    1.34998102    4.21308977    1.48157140    0.10410776    0.09689092
     3    0.09908703    1.48157140    4.23312944    1.45472462    0.10406878
     4    0.08864939    0.10410776    1.45472462    4.23345190    1.45472747
     5    0.09909640    0.09689092    0.10406878    1.45472747    4.23316289
     6    1.34997066    0.08918366    0.09689195    0.10409736    1.48157015
     7    0.04047611    0.86005267    0.04275855    0.00778321    0.00248939
     8    0.00799688    0.04561514    0.87535760    0.04460198    0.00813404
     9    0.00230426    0.00811791    0.04481236    0.87700247    0.04482033
    10    0.00799735    0.00249183    0.00813335    0.04460618    0.87537007
    11    0.04047032    0.00772363    0.00248960    0.00778279    0.04276435
    12    1.21004007    0.10070469    0.01345617    0.00975599    0.01345572
    13    0.10103401    0.04472293    0.00629980    0.02089944    0.00629798
    14    0.00988203    0.00474951    0.00085630    0.00261898    0.00085619
    15    0.01175525    0.01226721    0.00184425    0.00824184    0.00184425
    16    0.00107369    0.00097536    0.00016218    0.00067688    0.00016219
    17    0.00097516    0.00123242    0.00019110    0.00097258    0.00019133
    18    0.00097546    0.00123727    0.00019171    0.00097380    0.00019102
    19    0.00016218    0.00019099    0.00003097    0.00015275    0.00003156
    20    0.00002342    0.00002921    0.00000456    0.00002253    0.00000452
    21    0.00016220    0.00019170    0.00003162    0.00015305    0.00003097
    22    0.00002340    0.00002875    0.00000451    0.00002244    0.00000455
    23    0.00067690    0.00097372    0.00015305    0.00084004    0.00015275
    24    0.00001244    0.00001255    0.00000199    0.00000854    0.00000213
    25    0.00001244    0.00001316    0.00000215    0.00000870    0.00000201
    26    0.00001688    0.00002435    0.00000382    0.00002110    0.00000382
             6             7             8             9            10      
     1    1.34997066    0.04047611    0.00799688    0.00230426    0.00799735
     2    0.08918366    0.86005267    0.04561514    0.00811791    0.00249183
     3    0.09689195    0.04275855    0.87535760    0.04481236    0.00813335
     4    0.10409736    0.00778321    0.04460198    0.87700247    0.04460618
     5    1.48157015    0.00248939    0.00813404    0.04482033    0.87537007
     6    4.21306760    0.00772379    0.00249182    0.00811700    0.04561200
     7    0.00772379    0.98388585    0.00363910    0.00122495    0.00013011
     8    0.00249182    0.00363910    0.99516561    0.00359533    0.00133523
     9    0.00811700    0.00122495    0.00359533    0.99617370    0.00359681
    10    0.04561200    0.00013011    0.00133523    0.00359681    0.99517963
    11    0.86007104    0.00139954    0.00013018    0.00122459    0.00363888
    12    0.10069853    0.01414848    0.00138741    0.00046389    0.00138746
    13    0.04471479    0.00152108    0.00060491    0.00052606    0.00060468
    14    0.00474995    0.00011997    0.00006944    0.00006416    0.00006943
    15    0.01226850    0.00030352    0.00015410    0.00020719    0.00015422
    16    0.00097524    0.00002340    0.00001244    0.00001688    0.00001244
    17    0.00123537    0.00002914    0.00001269    0.00002432    0.00001306
    18    0.00123264    0.00002875    0.00001315    0.00002435    0.00001256
    19    0.00019134    0.00000455    0.00000201    0.00000382    0.00000213
    20    0.00002882    0.00000068    0.00000034    0.00000056    0.00000034
    21    0.00019113    0.00000451    0.00000215    0.00000382    0.00000199
    22    0.00002914    0.00000067    0.00000034    0.00000055    0.00000034
    23    0.00097266    0.00002244    0.00000869    0.00002110    0.00000854
    24    0.00001305    0.00000034    0.00000021    0.00000022    0.00000021
    25    0.00001269    0.00000034    0.00000021    0.00000022    0.00000021
    26    0.00002432    0.00000055    0.00000022    0.00000052    0.00000022
            11            12            13            14            15      
     1    0.04047032    1.21004007    0.10103401    0.00988203    0.01175525
     2    0.00772363    0.10070469    0.04472293    0.00474951    0.01226721
     3    0.00248960    0.01345617    0.00629980    0.00085630    0.00184425
     4    0.00778279    0.00975599    0.02089944    0.00261898    0.00824184
     5    0.04276435    0.01345572    0.00629798    0.00085619    0.00184425
     6    0.86007104    0.10069853    0.04471479    0.00474995    0.01226850
     7    0.00139954    0.01414848    0.00152108    0.00011997    0.00030352
     8    0.00013018    0.00138741    0.00060491    0.00006944    0.00015410
     9    0.00122459    0.00046389    0.00052606    0.00006416    0.00020719
    10    0.00363888    0.00138746    0.00060468    0.00006943    0.00015422
    11    0.98389270    0.01414060    0.00151812    0.00011994    0.00030349
    12    0.01414060    4.23014797    2.41786196    0.12705217    0.15624974
    13    0.00151812    2.41786196    4.19369343    1.39587889    0.12705230
    14    0.00011994    0.12705217    1.39587889    4.19369243    2.41785779
    15    0.00030349    0.15624974    0.12705230    2.41785779    4.23015049
    16    0.00002341    0.01175534    0.00988218    0.10103460    1.21004717
    17    0.00002881    0.01226759    0.00474959    0.04471134    0.10068788
    18    0.00002921    0.01226876    0.00475011    0.04472825    0.10071548
    19    0.00000452    0.00184406    0.00085616    0.00629740    0.01345529
    20    0.00000068    0.00030351    0.00011995    0.00151797    0.01413938
    21    0.00000456    0.00184453    0.00085636    0.00630061    0.01345629
    22    0.00000068    0.00030353    0.00011997    0.00152137    0.01415028
    23    0.00002253    0.00824222    0.00261911    0.02090042    0.00975628
    24    0.00000034    0.00015419    0.00006942    0.00060461    0.00138747
    25    0.00000034    0.00015414    0.00006945    0.00060502    0.00138743
    26    0.00000056    0.00020720    0.00006417    0.00052608    0.00046388
            16            17            18            19            20      
     1    0.00107369    0.00097516    0.00097546    0.00016218    0.00002342
     2    0.00097536    0.00123242    0.00123727    0.00019099    0.00002921
     3    0.00016218    0.00019110    0.00019171    0.00003097    0.00000456
     4    0.00067688    0.00097258    0.00097380    0.00015275    0.00002253
     5    0.00016219    0.00019133    0.00019102    0.00003156    0.00000452
     6    0.00097524    0.00123537    0.00123264    0.00019134    0.00002882
     7    0.00002340    0.00002914    0.00002875    0.00000455    0.00000068
     8    0.00001244    0.00001269    0.00001315    0.00000201    0.00000034
     9    0.00001688    0.00002432    0.00002435    0.00000382    0.00000056
    10    0.00001244    0.00001306    0.00001256    0.00000213    0.00000034
    11    0.00002341    0.00002881    0.00002921    0.00000452    0.00000068
    12    0.01175534    0.01226759    0.01226876    0.00184406    0.00030351
    13    0.00988218    0.00474959    0.00475011    0.00085616    0.00011995
    14    0.10103460    0.04471134    0.04472825    0.00629740    0.00151797
    15    1.21004717    0.10068788    0.10071548    0.01345529    0.01413938
    16    4.42285317    1.34997313    1.34996662    0.09909778    0.04047332
    17    1.34997313    4.21306924    0.08918268    1.48159425    0.86006915
    18    1.34996662    0.08918268    4.21308359    0.09689391    0.00772389
    19    0.09909778    1.48159425    0.09689391    4.23315615    0.04276321
    20    0.04047332    0.86006915    0.00772389    0.04276321    0.98389230
    21    0.09908457    0.09688543    1.48155747    0.10406662    0.00248940
    22    0.04047394    0.00772337    0.86005374    0.00248948    0.00139949
    23    0.08865150    0.10409806    0.10410926    1.45469818    0.00778350
    24    0.00799770    0.04561248    0.00249189    0.87537013    0.00363899
    25    0.00799690    0.00249164    0.04561347    0.00813419    0.00013021
    26    0.00230433    0.00811664    0.00811813    0.04481867    0.00122468
            21            22            23            24            25      
     1    0.00016220    0.00002340    0.00067690    0.00001244    0.00001244
     2    0.00019170    0.00002875    0.00097372    0.00001255    0.00001316
     3    0.00003162    0.00000451    0.00015305    0.00000199    0.00000215
     4    0.00015305    0.00002244    0.00084004    0.00000854    0.00000870
     5    0.00003097    0.00000455    0.00015275    0.00000213    0.00000201
     6    0.00019113    0.00002914    0.00097266    0.00001305    0.00001269
     7    0.00000451    0.00000067    0.00002244    0.00000034    0.00000034
     8    0.00000215    0.00000034    0.00000869    0.00000021    0.00000021
     9    0.00000382    0.00000055    0.00002110    0.00000022    0.00000022
    10    0.00000199    0.00000034    0.00000854    0.00000021    0.00000021
    11    0.00000456    0.00000068    0.00002253    0.00000034    0.00000034
    12    0.00184453    0.00030353    0.00824222    0.00015419    0.00015414
    13    0.00085636    0.00011997    0.00261911    0.00006942    0.00006945
    14    0.00630061    0.00152137    0.02090042    0.00060461    0.00060502
    15    0.01345629    0.01415028    0.00975628    0.00138747    0.00138743
    16    0.09908457    0.04047394    0.08865150    0.00799770    0.00799690
    17    0.09688543    0.00772337    0.10409806    0.04561248    0.00249164
    18    1.48155747    0.86005374    0.10410926    0.00249189    0.04561347
    19    0.10406662    0.00248948    1.45469818    0.87537013    0.00813419
    20    0.00248940    0.00139949    0.00778350    0.00363899    0.00013021
    21    4.23313080    0.04275873    1.45474831    0.00813293    0.87535743
    22    0.04275873    0.98388600    0.00778294    0.00013010    0.00363872
    23    1.45474831    0.00778294    4.23345372    0.04460554    0.04460314
    24    0.00813293    0.00013010    0.04460554    0.99517905    0.00133515
    25    0.87535743    0.00363872    0.04460314    0.00133515    0.99516509
    26    0.04481439    0.00122495    0.87700283    0.00359642    0.00359574
            26      
     1    0.00001688
     2    0.00002435
     3    0.00000382
     4    0.00002110
     5    0.00000382
     6    0.00002432
     7    0.00000055
     8    0.00000022
     9    0.00000052
    10    0.00000022
    11    0.00000056
    12    0.00020720
    13    0.00006417
    14    0.00052608
    15    0.00046388
    16    0.00230433
    17    0.00811664
    18    0.00811813
    19    0.04481867
    20    0.00122468
    21    0.04481439
    22    0.00122495
    23    0.87700283
    24    0.00359642
    25    0.00359574
    26    0.99617449
 
 Localization index:
    1(C ):  3.832    2(C ):  4.070    3(C ):  4.085    4(C ):  4.083
    5(C ):  4.085    6(C ):  4.070    7(H ):  0.275    8(H ):  0.288
    9(H ):  0.289   10(H ):  0.288   11(H ):  0.275   12(C ):  3.947
   13(C ):  3.948   14(C ):  3.948   15(C ):  3.947   16(C ):  3.832
   17(C ):  4.070   18(C ):  4.070   19(C ):  4.085   20(H ):  0.275
   21(C ):  4.085   22(H ):  0.275   23(C ):  4.083   24(H ):  0.288
   25(H ):  0.288   26(H ):  0.289
 
