 ********************* Total delocalization index matrix *********************
             1             2             3             4             5      
     1    4.42262205    1.34917553    0.09895803    0.08833878    0.09895814
     2    1.34917553    4.21324011    1.48183920    0.10398840    0.09684673
     3    0.09895803    1.48183920    4.23349058    1.45460328    0.10423982
     4    0.08833878    0.10398840    1.45460328    4.23343895    1.45459912
     5    0.09895814    0.09684673    0.10423982    1.45459912    4.23349020
     6    1.34916652    0.08926125    0.09684776    0.10398758    1.48184284
     7    0.04039326    0.86008988    0.04276521    0.00778305    0.00249015
     8    0.00799846    0.04562231    0.87537007    0.04459986    0.00813726
     9    0.00229746    0.00811338    0.04480836    0.87688539    0.04480821
    10    0.00799847    0.00249304    0.00813730    0.04459959    0.87537070
    11    0.04039232    0.00772577    0.00249018    0.00778302    0.04276487
    12    1.21154815    0.10073109    0.01350300    0.00971382    0.01350339
    13    0.10107232    0.04454892    0.00628510    0.02066891    0.00628557
    14    0.01016197    0.00473006    0.00087453    0.00257950    0.00087457
    15    0.01178727    0.01208904    0.00182754    0.00800889    0.00182768
    16    0.00119382    0.00101254    0.00017687    0.00071314    0.00017688
    17    0.00101255    0.00152111    0.00023190    0.00135863    0.00023137
    18    0.00101253    0.00151737    0.00023140    0.00135878    0.00023190
    19    0.00017687    0.00023189    0.00003826    0.00020737    0.00003751
    20    0.00002359    0.00003141    0.00000492    0.00002662    0.00000497
    21    0.00017687    0.00023140    0.00003752    0.00020740    0.00003826
    22    0.00002359    0.00003190    0.00000497    0.00002662    0.00000492
    23    0.00071313    0.00135875    0.00020740    0.00136414    0.00020737
    24    0.00001224    0.00000789    0.00000148    0.00000144    0.00000130
    25    0.00001224    0.00000727    0.00000130    0.00000145    0.00000148
    26    0.00001791    0.00003397    0.00000518    0.00003416    0.00000518
             6             7             8             9            10      
     1    1.34916652    0.04039326    0.00799846    0.00229746    0.00799847
     2    0.08926125    0.86008988    0.04562231    0.00811338    0.00249304
     3    0.09684776    0.04276521    0.87537007    0.04480836    0.00813730
     4    0.10398758    0.00778305    0.04459986    0.87688539    0.04459959
     5    1.48184284    0.00249015    0.00813726    0.04480821    0.87537070
     6    4.21324111    0.00772599    0.00249309    0.00811333    0.04562245
     7    0.00772599    0.98388884    0.00364031    0.00122460    0.00013009
     8    0.00249309    0.00364031    0.99518603    0.00359484    0.00133533
     9    0.00811333    0.00122460    0.00359484    0.99604802    0.00359481
    10    0.04562245    0.00013009    0.00133533    0.00359481    0.99518660
    11    0.86008592    0.00140038    0.00013008    0.00122460    0.00364026
    12    0.10073834    0.01417401    0.00138972    0.00046463    0.00138974
    13    0.04455111    0.00152312    0.00061055    0.00052069    0.00061064
    14    0.00473019    0.00011941    0.00007105    0.00006345    0.00007107
    15    0.01208942    0.00030327    0.00016016    0.00020166    0.00016020
    16    0.00101257    0.00002359    0.00001224    0.00001791    0.00001224
    17    0.00151720    0.00003141    0.00000790    0.00003397    0.00000727
    18    0.00152115    0.00003190    0.00000727    0.00003397    0.00000789
    19    0.00023137    0.00000492    0.00000148    0.00000518    0.00000130
    20    0.00003191    0.00000071    0.00000030    0.00000066    0.00000030
    21    0.00023190    0.00000497    0.00000130    0.00000518    0.00000148
    22    0.00003141    0.00000072    0.00000030    0.00000066    0.00000030
    23    0.00135865    0.00002662    0.00000145    0.00003416    0.00000144
    24    0.00000727    0.00000030    0.00000032    0.00000004    0.00000032
    25    0.00000790    0.00000030    0.00000032    0.00000004    0.00000032
    26    0.00003397    0.00000066    0.00000004    0.00000085    0.00000004
            11            12            13            14            15      
     1    0.04039232    1.21154815    0.10107232    0.01016197    0.01178727
     2    0.00772577    0.10073109    0.04454892    0.00473006    0.01208904
     3    0.00249018    0.01350300    0.00628510    0.00087453    0.00182754
     4    0.00778302    0.00971382    0.02066891    0.00257950    0.00800889
     5    0.04276487    0.01350339    0.00628557    0.00087457    0.00182768
     6    0.86008592    0.10073834    0.04455111    0.00473019    0.01208942
     7    0.00140038    0.01417401    0.00152312    0.00011941    0.00030327
     8    0.00013008    0.00138972    0.00061055    0.00007105    0.00016016
     9    0.00122460    0.00046463    0.00052069    0.00006345    0.00020166
    10    0.00364026    0.00138974    0.00061064    0.00007107    0.00016020
    11    0.98388627    0.01417656    0.00152351    0.00011942    0.00030326
    12    0.01417656    4.23044038    2.41659203    0.12717308    0.15658533
    13    0.00152351    2.41659203    4.19372882    1.39736829    0.12717318
    14    0.00011942    0.12717308    1.39736829    4.19372894    2.41659452
    15    0.00030326    0.15658533    0.12717318    2.41659452    4.23043774
    16    0.00002359    0.01178717    0.01016189    0.10107192    1.21154334
    17    0.00003191    0.01208911    0.00473014    0.04455040    0.10074132
    18    0.00003142    0.01208883    0.00472994    0.04454813    0.10072711
    19    0.00000497    0.00182766    0.00087455    0.00628554    0.01350343
    20    0.00000072    0.00030326    0.00011942    0.00152355    0.01417763
    21    0.00000492    0.00182748    0.00087452    0.00628494    0.01350297
    22    0.00000071    0.00030326    0.00011941    0.00152303    0.01417270
    23    0.00002663    0.00800871    0.00257944    0.02066849    0.00971373
    24    0.00000030    0.00016020    0.00007106    0.00061064    0.00138975
    25    0.00000030    0.00016015    0.00007105    0.00061052    0.00138971
    26    0.00000066    0.00020166    0.00006345    0.00052068    0.00046463
            16            17            18            19            20      
     1    0.00119382    0.00101255    0.00101253    0.00017687    0.00002359
     2    0.00101254    0.00152111    0.00151737    0.00023189    0.00003141
     3    0.00017687    0.00023190    0.00023140    0.00003826    0.00000492
     4    0.00071314    0.00135863    0.00135878    0.00020737    0.00002662
     5    0.00017688    0.00023137    0.00023190    0.00003751    0.00000497
     6    0.00101257    0.00151720    0.00152115    0.00023137    0.00003191
     7    0.00002359    0.00003141    0.00003190    0.00000492    0.00000071
     8    0.00001224    0.00000790    0.00000727    0.00000148    0.00000030
     9    0.00001791    0.00003397    0.00003397    0.00000518    0.00000066
    10    0.00001224    0.00000727    0.00000789    0.00000130    0.00000030
    11    0.00002359    0.00003191    0.00003142    0.00000497    0.00000072
    12    0.01178717    0.01208911    0.01208883    0.00182766    0.00030326
    13    0.01016189    0.00473014    0.00472994    0.00087455    0.00011942
    14    0.10107192    0.04455040    0.04454813    0.00628554    0.00152355
    15    1.21154334    0.10074132    0.10072711    0.01350343    0.01417763
    16    4.42262119    1.34915799    1.34918861    0.09895764    0.04039186
    17    1.34915799    4.21324218    0.08926164    1.48184948    0.86008505
    18    1.34918861    0.08926164    4.21324037    0.09684628    0.00772560
    19    0.09895764    1.48184948    0.09684628    4.23348996    0.04276493
    20    0.04039186    0.86008505    0.00772560    0.04276493    0.98388601
    21    0.09895870    0.09684884    1.48183101    0.10424012    0.00249021
    22    0.04039366    0.00772620    0.86009091    0.00249014    0.00140039
    23    0.08833871    0.10398779    0.10398792    1.45459292    0.00778304
    24    0.00799853    0.04562260    0.00249302    0.87537077    0.00364028
    25    0.00799833    0.00249313    0.04562234    0.00813734    0.00013007
    26    0.00229746    0.00811328    0.00811343    0.04480802    0.00122460
            21            22            23            24            25      
     1    0.00017687    0.00002359    0.00071313    0.00001224    0.00001224
     2    0.00023140    0.00003190    0.00135875    0.00000789    0.00000727
     3    0.00003752    0.00000497    0.00020740    0.00000148    0.00000130
     4    0.00020740    0.00002662    0.00136414    0.00000144    0.00000145
     5    0.00003826    0.00000492    0.00020737    0.00000130    0.00000148
     6    0.00023190    0.00003141    0.00135865    0.00000727    0.00000790
     7    0.00000497    0.00000072    0.00002662    0.00000030    0.00000030
     8    0.00000130    0.00000030    0.00000145    0.00000032    0.00000032
     9    0.00000518    0.00000066    0.00003416    0.00000004    0.00000004
    10    0.00000148    0.00000030    0.00000144    0.00000032    0.00000032
    11    0.00000492    0.00000071    0.00002663    0.00000030    0.00000030
    12    0.00182748    0.00030326    0.00800871    0.00016020    0.00016015
    13    0.00087452    0.00011941    0.00257944    0.00007106    0.00007105
    14    0.00628494    0.00152303    0.02066849    0.00061064    0.00061052
    15    0.01350297    0.01417270    0.00971373    0.00138975    0.00138971
    16    0.09895870    0.04039366    0.08833871    0.00799853    0.00799833
    17    0.09684884    0.00772620    0.10398779    0.04562260    0.00249313
    18    1.48183101    0.86009091    0.10398792    0.00249302    0.04562234
    19    0.10424012    0.00249014    1.45459292    0.87537077    0.00813734
    20    0.00249021    0.00140039    0.00778304    0.00364028    0.00013007
    21    4.23349111    0.04276542    1.45460987    0.00813726    0.87537011
    22    0.04276542    0.98388923    0.00778298    0.00013009    0.00364035
    23    1.45460987    0.00778298    4.23343818    0.04459942    0.04459989
    24    0.00813726    0.00013009    0.04459942    0.99518664    0.00133535
    25    0.87537011    0.00364035    0.04459989    0.00133535    0.99518611
    26    0.04480845    0.00122458    0.87688552    0.00359476    0.00359484
            26      
     1    0.00001791
     2    0.00003397
     3    0.00000518
     4    0.00003416
     5    0.00000518
     6    0.00003397
     7    0.00000066
     8    0.00000004
     9    0.00000085
    10    0.00000004
    11    0.00000066
    12    0.00020166
    13    0.00006345
    14    0.00052068
    15    0.00046463
    16    0.00229746
    17    0.00811328
    18    0.00811343
    19    0.04480802
    20    0.00122460
    21    0.04480845
    22    0.00122458
    23    0.87688552
    24    0.00359476
    25    0.00359484
    26    0.99604798
 
 Localization index:
    1(C ):  3.832    2(C ):  4.070    3(C ):  4.085    4(C ):  4.082
    5(C ):  4.085    6(C ):  4.070    7(H ):  0.275    8(H ):  0.288
    9(H ):  0.289   10(H ):  0.288   11(H ):  0.275   12(C ):  3.947
   13(C ):  3.948   14(C ):  3.948   15(C ):  3.947   16(C ):  3.832
   17(C ):  4.070   18(C ):  4.070   19(C ):  4.085   20(H ):  0.275
   21(C ):  4.085   22(H ):  0.275   23(C ):  4.082   24(H ):  0.288
   25(H ):  0.288   26(H ):  0.289
 
