 ********************* Total delocalization index matrix *********************
             1             2             3             4             5      
     1    4.42265930    1.34912588    0.09895044    0.08833667    0.09895046
     2    1.34912588    4.21327576    1.48186405    0.10397412    0.09684434
     3    0.09895044    1.48186405    4.23355237    1.45460521    0.10428658
     4    0.08833667    0.10397412    1.45460521    4.23347309    1.45460649
     5    0.09895046    0.09684434    0.10428658    1.45460649    4.23355238
     6    1.34912708    0.08929455    0.09684431    0.10397411    1.48186271
     7    0.04038390    0.86007000    0.04276873    0.00778360    0.00249017
     8    0.00799851    0.04562898    0.87535148    0.04459395    0.00813793
     9    0.00229707    0.00811234    0.04480677    0.87687533    0.04480677
    10    0.00799849    0.00249323    0.00813795    0.04459397    0.87535148
    11    0.04038393    0.00772659    0.00249017    0.00778358    0.04276873
    12    1.21166627    0.10073135    0.01350630    0.00971151    0.01350631
    13    0.10107316    0.04453778    0.00628420    0.02065277    0.00628421
    14    0.01018342    0.00472854    0.00087600    0.00257660    0.00087601
    15    0.01178820    0.01207354    0.00182605    0.00799036    0.00182606
    16    0.00120327    0.00101542    0.00017803    0.00071603    0.00017803
    17    0.00101541    0.00154356    0.00023508    0.00138930    0.00023456
    18    0.00101542    0.00153975    0.00023457    0.00138931    0.00023508
    19    0.00017803    0.00023508    0.00003879    0.00021172    0.00003804
    20    0.00002360    0.00003162    0.00000495    0.00002695    0.00000500
    21    0.00017803    0.00023456    0.00003804    0.00021172    0.00003879
    22    0.00002360    0.00003212    0.00000500    0.00002695    0.00000495
    23    0.00071603    0.00138930    0.00021172    0.00140589    0.00021172
    24    0.00001223    0.00000748    0.00000142    0.00000088    0.00000125
    25    0.00001223    0.00000685    0.00000125    0.00000088    0.00000143
    26    0.00001799    0.00003474    0.00000529    0.00003520    0.00000529
             6             7             8             9            10      
     1    1.34912708    0.04038390    0.00799851    0.00229707    0.00799849
     2    0.08929455    0.86007000    0.04562898    0.00811234    0.00249323
     3    0.09684431    0.04276873    0.87535148    0.04480677    0.00813795
     4    0.10397411    0.00778360    0.04459395    0.87687533    0.04459397
     5    1.48186271    0.00249017    0.00813793    0.04480677    0.87535148
     6    4.21327566    0.00772657    0.00249323    0.00811236    0.04562896
     7    0.00772657    0.98386723    0.00364150    0.00122459    0.00013008
     8    0.00249323    0.00364150    0.99516866    0.00359344    0.00133547
     9    0.00811236    0.00122459    0.00359344    0.99603173    0.00359344
    10    0.04562896    0.00013008    0.00133547    0.00359344    0.99516867
    11    0.86007005    0.00140061    0.00013008    0.00122459    0.00364150
    12    0.10073123    0.01417376    0.00138988    0.00046458    0.00138987
    13    0.04453790    0.00152427    0.00061101    0.00052033    0.00061101
    14    0.00472853    0.00011935    0.00007118    0.00006340    0.00007118
    15    0.01207357    0.00030315    0.00016063    0.00020122    0.00016063
    16    0.00101542    0.00002360    0.00001223    0.00001799    0.00001223
    17    0.00153975    0.00003162    0.00000748    0.00003474    0.00000685
    18    0.00154357    0.00003212    0.00000685    0.00003474    0.00000748
    19    0.00023456    0.00000495    0.00000142    0.00000529    0.00000125
    20    0.00003212    0.00000072    0.00000030    0.00000067    0.00000029
    21    0.00023508    0.00000500    0.00000125    0.00000529    0.00000143
    22    0.00003162    0.00000072    0.00000029    0.00000067    0.00000030
    23    0.00138931    0.00002695    0.00000088    0.00003520    0.00000088
    24    0.00000685    0.00000030    0.00000033    0.00000003    0.00000033
    25    0.00000748    0.00000029    0.00000033    0.00000003    0.00000033
    26    0.00003474    0.00000067    0.00000003    0.00000087    0.00000003
            11            12            13            14            15      
     1    0.04038393    1.21166627    0.10107316    0.01018342    0.01178820
     2    0.00772659    0.10073135    0.04453778    0.00472854    0.01207354
     3    0.00249017    0.01350630    0.00628420    0.00087600    0.00182605
     4    0.00778358    0.00971151    0.02065277    0.00257660    0.00799036
     5    0.04276873    0.01350631    0.00628421    0.00087601    0.00182606
     6    0.86007005    0.10073123    0.04453790    0.00472853    0.01207357
     7    0.00140061    0.01417376    0.00152427    0.00011935    0.00030315
     8    0.00013008    0.00138988    0.00061101    0.00007118    0.00016063
     9    0.00122459    0.00046458    0.00052033    0.00006340    0.00020122
    10    0.00364150    0.00138987    0.00061101    0.00007118    0.00016063
    11    0.98386724    0.01417369    0.00152427    0.00011935    0.00030315
    12    0.01417369    4.23044200    2.41652183    0.12717991    0.15658895
    13    0.00152427    2.41652183    4.19373730    1.39746111    0.12717991
    14    0.00011935    0.12717991    1.39746111    4.19373729    2.41652181
    15    0.00030315    0.15658895    0.12717991    2.41652181    4.23044201
    16    0.00002360    0.01178820    0.01018342    0.10107316    1.21166624
    17    0.00003212    0.01207353    0.00472853    0.04453772    0.10073131
    18    0.00003162    0.01207358    0.00472854    0.04453797    0.10073131
    19    0.00000500    0.00182605    0.00087600    0.00628418    0.01350630
    20    0.00000072    0.00030315    0.00011935    0.00152426    0.01417373
    21    0.00000495    0.00182606    0.00087601    0.00628422    0.01350632
    22    0.00000072    0.00030315    0.00011935    0.00152429    0.01417373
    23    0.00002695    0.00799035    0.00257660    0.02065277    0.00971151
    24    0.00000029    0.00016063    0.00007118    0.00061101    0.00138987
    25    0.00000030    0.00016063    0.00007118    0.00061101    0.00138988
    26    0.00000067    0.00020122    0.00006340    0.00052033    0.00046458
            16            17            18            19            20      
     1    0.00120327    0.00101541    0.00101542    0.00017803    0.00002360
     2    0.00101542    0.00154356    0.00153975    0.00023508    0.00003162
     3    0.00017803    0.00023508    0.00023457    0.00003879    0.00000495
     4    0.00071603    0.00138930    0.00138931    0.00021172    0.00002695
     5    0.00017803    0.00023456    0.00023508    0.00003804    0.00000500
     6    0.00101542    0.00153975    0.00154357    0.00023456    0.00003212
     7    0.00002360    0.00003162    0.00003212    0.00000495    0.00000072
     8    0.00001223    0.00000748    0.00000685    0.00000142    0.00000030
     9    0.00001799    0.00003474    0.00003474    0.00000529    0.00000067
    10    0.00001223    0.00000685    0.00000748    0.00000125    0.00000029
    11    0.00002360    0.00003212    0.00003162    0.00000500    0.00000072
    12    0.01178820    0.01207353    0.01207358    0.00182605    0.00030315
    13    0.01018342    0.00472853    0.00472854    0.00087600    0.00011935
    14    0.10107316    0.04453772    0.04453797    0.00628418    0.00152426
    15    1.21166624    0.10073131    0.10073131    0.01350630    0.01417373
    16    4.42265937    1.34912598    1.34912709    0.09895045    0.04038391
    17    1.34912598    4.21327579    0.08929454    1.48186401    0.86007010
    18    1.34912709    0.08929454    4.21327561    0.09684434    0.00772657
    19    0.09895045    1.48186401    0.09684434    4.23355236    0.04276874
    20    0.04038391    0.86007010    0.00772657    0.04276874    0.98386730
    21    0.09895046    0.09684434    1.48186258    0.10428659    0.00249018
    22    0.04038392    0.00772659    0.86006994    0.00249017    0.00140061
    23    0.08833665    0.10397412    0.10397410    1.45460519    0.00778360
    24    0.00799851    0.04562898    0.00249323    0.87535149    0.00364150
    25    0.00799849    0.00249323    0.04562898    0.00813795    0.00013008
    26    0.00229707    0.00811234    0.00811236    0.04480676    0.00122459
            21            22            23            24            25      
     1    0.00017803    0.00002360    0.00071603    0.00001223    0.00001223
     2    0.00023456    0.00003212    0.00138930    0.00000748    0.00000685
     3    0.00003804    0.00000500    0.00021172    0.00000142    0.00000125
     4    0.00021172    0.00002695    0.00140589    0.00000088    0.00000088
     5    0.00003879    0.00000495    0.00021172    0.00000125    0.00000143
     6    0.00023508    0.00003162    0.00138931    0.00000685    0.00000748
     7    0.00000500    0.00000072    0.00002695    0.00000030    0.00000029
     8    0.00000125    0.00000029    0.00000088    0.00000033    0.00000033
     9    0.00000529    0.00000067    0.00003520    0.00000003    0.00000003
    10    0.00000143    0.00000030    0.00000088    0.00000033    0.00000033
    11    0.00000495    0.00000072    0.00002695    0.00000029    0.00000030
    12    0.00182606    0.00030315    0.00799035    0.00016063    0.00016063
    13    0.00087601    0.00011935    0.00257660    0.00007118    0.00007118
    14    0.00628422    0.00152429    0.02065277    0.00061101    0.00061101
    15    0.01350632    0.01417373    0.00971151    0.00138987    0.00138988
    16    0.09895046    0.04038392    0.08833665    0.00799851    0.00799849
    17    0.09684434    0.00772659    0.10397412    0.04562898    0.00249323
    18    1.48186258    0.86006994    0.10397410    0.00249323    0.04562898
    19    0.10428659    0.00249017    1.45460519    0.87535149    0.00813795
    20    0.00249018    0.00140061    0.00778360    0.00364150    0.00013008
    21    4.23355239    0.04276871    1.45460660    0.00813793    0.87535149
    22    0.04276871    0.98386715    0.00778358    0.00013008    0.00364150
    23    1.45460660    0.00778358    4.23347313    0.04459396    0.04459396
    24    0.00813793    0.00013008    0.04459396    0.99516868    0.00133547
    25    0.87535149    0.00364150    0.04459396    0.00133547    0.99516868
    26    0.04480677    0.00122459    0.87687532    0.00359344    0.00359344
            26      
     1    0.00001799
     2    0.00003474
     3    0.00000529
     4    0.00003520
     5    0.00000529
     6    0.00003474
     7    0.00000067
     8    0.00000003
     9    0.00000087
    10    0.00000003
    11    0.00000067
    12    0.00020122
    13    0.00006340
    14    0.00052033
    15    0.00046458
    16    0.00229707
    17    0.00811234
    18    0.00811236
    19    0.04480676
    20    0.00122459
    21    0.04480677
    22    0.00122459
    23    0.87687532
    24    0.00359344
    25    0.00359344
    26    0.99603173
 
 Localization index:
    1(C ):  3.832    2(C ):  4.070    3(C ):  4.085    4(C ):  4.082
    5(C ):  4.085    6(C ):  4.070    7(H ):  0.275    8(H ):  0.288
    9(H ):  0.289   10(H ):  0.288   11(H ):  0.275   12(C ):  3.947
   13(C ):  3.948   14(C ):  3.948   15(C ):  3.947   16(C ):  3.832
   17(C ):  4.070   18(C ):  4.070   19(C ):  4.085   20(H ):  0.275
   21(C ):  4.085   22(H ):  0.275   23(C ):  4.082   24(H ):  0.288
   25(H ):  0.288   26(H ):  0.289
 
