 ********************* Total delocalization index matrix *********************
             1             2             3             4             5      
     1    4.42271264    1.35086495    0.09907895    0.08876523    0.09906910
     2    1.35086495    4.21381421    1.48119411    0.10409143    0.09702078
     3    0.09907895    1.48119411    4.23313360    1.45497297    0.10416892
     4    0.08876523    0.10409143    1.45497297    4.23321184    1.45491430
     5    0.09906910    0.09702078    0.10416892    1.45491430    4.23311482
     6    1.35079358    0.08935544    0.09702677    0.10410018    1.48125908
     7    0.04049922    0.86061483    0.04276194    0.00777997    0.00249145
     8    0.00799231    0.04561531    0.87542960    0.04461179    0.00813503
     9    0.00230611    0.00812369    0.04482452    0.87703588    0.04482420
    10    0.00799308    0.00249427    0.00813433    0.04461130    0.87542370
    11    0.04049950    0.00772449    0.00249165    0.00778118    0.04276297
    12    1.20863951    0.10067765    0.01341505    0.00979393    0.01341302
    13    0.10098377    0.04489708    0.00630842    0.02110347    0.00630661
    14    0.00962740    0.00476878    0.00083927    0.00265392    0.00083913
    15    0.01172340    0.01243331    0.00185798    0.00845037    0.00185797
    16    0.00096458    0.00094168    0.00014874    0.00064368    0.00014876
    17    0.00094144    0.00097652    0.00015467    0.00062497    0.00015484
    18    0.00094172    0.00098029    0.00015512    0.00062589    0.00015461
    19    0.00014875    0.00015458    0.00002506    0.00010351    0.00002547
    20    0.00002324    0.00002673    0.00000418    0.00001880    0.00000415
    21    0.00014875    0.00015513    0.00002552    0.00010376    0.00002507
    22    0.00002322    0.00002641    0.00000415    0.00001872    0.00000417
    23    0.00064367    0.00062585    0.00010374    0.00036710    0.00010353
    24    0.00001261    0.00001742    0.00000263    0.00001501    0.00000272
    25    0.00001261    0.00001782    0.00000273    0.00001514    0.00000265
    26    0.00001595    0.00001566    0.00000260    0.00000932    0.00000259
             6             7             8             9            10      
     1    1.35079358    0.04049922    0.00799231    0.00230611    0.00799308
     2    0.08935544    0.86061483    0.04561531    0.00812369    0.00249427
     3    0.09702677    0.04276194    0.87542960    0.04482452    0.00813433
     4    0.10410018    0.00777997    0.04461179    0.87703588    0.04461130
     5    1.48125908    0.00249145    0.00813503    0.04482420    0.87542370
     6    4.21378134    0.00772556    0.00249442    0.00812290    0.04561488
     7    0.00772556    0.98442156    0.00363794    0.00122471    0.00013012
     8    0.00249442    0.00363794    0.99525058    0.00359707    0.00133556
     9    0.00812290    0.00122471    0.00359707    0.99621653    0.00359691
    10    0.04561488    0.00013012    0.00133556    0.00359691    0.99524322
    11    0.86058668    0.00139929    0.00013009    0.00122484    0.00363796
    12    0.10067623    0.01410572    0.00138549    0.00046416    0.00138541
    13    0.04488781    0.00152093    0.00059960    0.00053093    0.00059944
    14    0.00476880    0.00012041    0.00006796    0.00006480    0.00006795
    15    0.01243348    0.00030364    0.00014864    0.00021214    0.00014880
    16    0.00094149    0.00002322    0.00001260    0.00001595    0.00001261
    17    0.00097879    0.00002667    0.00001752    0.00001564    0.00001775
    18    0.00097665    0.00002641    0.00001782    0.00001566    0.00001742
    19    0.00015483    0.00000417    0.00000265    0.00000259    0.00000272
    20    0.00002647    0.00000065    0.00000037    0.00000046    0.00000037
    21    0.00015470    0.00000415    0.00000273    0.00000260    0.00000263
    22    0.00002667    0.00000064    0.00000038    0.00000046    0.00000037
    23    0.00062503    0.00001872    0.00001513    0.00000932    0.00001502
    24    0.00001774    0.00000037    0.00000010    0.00000038    0.00000011
    25    0.00001752    0.00000038    0.00000010    0.00000038    0.00000010
    26    0.00001564    0.00000046    0.00000038    0.00000023    0.00000038
            11            12            13            14            15      
     1    0.04049950    1.20863951    0.10098377    0.00962740    0.01172340
     2    0.00772449    0.10067765    0.04489708    0.00476878    0.01243331
     3    0.00249165    0.01341505    0.00630842    0.00083927    0.00185798
     4    0.00778118    0.00979393    0.02110347    0.00265392    0.00845037
     5    0.04276297    0.01341302    0.00630661    0.00083913    0.00185797
     6    0.86058668    0.10067623    0.04488781    0.00476880    0.01243348
     7    0.00139929    0.01410572    0.00152093    0.00012041    0.00030364
     8    0.00013009    0.00138549    0.00059960    0.00006796    0.00014864
     9    0.00122484    0.00046416    0.00053093    0.00006480    0.00021214
    10    0.00363796    0.00138541    0.00059944    0.00006795    0.00014880
    11    0.98439325    0.01410474    0.00151966    0.00012043    0.00030369
    12    0.01410474    4.22987649    2.41903616    0.12694583    0.15596075
    13    0.00151966    2.41903616    4.19371271    1.39453426    0.12694594
    14    0.00012043    0.12694583    1.39453426    4.19371263    2.41903752
    15    0.00030369    0.15596075    0.12694594    2.41903752    4.22987580
    16    0.00002324    0.01172330    0.00962733    0.10098338    1.20863614
    17    0.00002647    0.01243280    0.00476852    0.04488454    0.10066604
    18    0.00002674    0.01243369    0.00476896    0.04489957    0.10068828
    19    0.00000415    0.00185780    0.00083909    0.00630600    0.01341285
    20    0.00000064    0.00030368    0.00012043    0.00151914    0.01410138
    21    0.00000418    0.00185812    0.00083930    0.00630895    0.01341536
    22    0.00000065    0.00030364    0.00012041    0.00152143    0.01410917
    23    0.00001880    0.00845025    0.00265389    0.02110321    0.00979390
    24    0.00000037    0.00014876    0.00006794    0.00059935    0.00138543
    25    0.00000037    0.00014867    0.00006796    0.00059968    0.00138550
    26    0.00000046    0.00021214    0.00006480    0.00053092    0.00046416
            16            17            18            19            20      
     1    0.00096458    0.00094144    0.00094172    0.00014875    0.00002324
     2    0.00094168    0.00097652    0.00098029    0.00015458    0.00002673
     3    0.00014874    0.00015467    0.00015512    0.00002506    0.00000418
     4    0.00064368    0.00062497    0.00062589    0.00010351    0.00001880
     5    0.00014876    0.00015484    0.00015461    0.00002547    0.00000415
     6    0.00094149    0.00097879    0.00097665    0.00015483    0.00002647
     7    0.00002322    0.00002667    0.00002641    0.00000417    0.00000065
     8    0.00001260    0.00001752    0.00001782    0.00000265    0.00000037
     9    0.00001595    0.00001564    0.00001566    0.00000259    0.00000046
    10    0.00001261    0.00001775    0.00001742    0.00000272    0.00000037
    11    0.00002324    0.00002647    0.00002674    0.00000415    0.00000064
    12    0.01172330    0.01243280    0.01243369    0.00185780    0.00030368
    13    0.00962733    0.00476852    0.00476896    0.00083909    0.00012043
    14    0.10098338    0.04488454    0.04489957    0.00630600    0.00151914
    15    1.20863614    0.10066604    0.10068828    0.01341285    0.01410138
    16    4.42271220    1.35081107    1.35085007    0.09907185    0.04050045
    17    1.35081107    4.21377675    0.08935491    1.48125614    0.86058881
    18    1.35085007    0.08935491    4.21381708    0.09702424    0.00772483
    19    0.09907185    1.48125614    0.09702424    4.23311777    0.04276345
    20    0.04050045    0.86058881    0.00772483    0.04276345    0.98439326
    21    0.09907716    0.09702350    1.48119463    0.10416870    0.00249157
    22    0.04049806    0.00772516    0.86061280    0.00249154    0.00139927
    23    0.08876534    0.10409868    0.10409295    1.45491321    0.00778129
    24    0.00799309    0.04561432    0.00249438    0.87542403    0.00363798
    25    0.00799230    0.00249431    0.04561550    0.00813523    0.00013012
    26    0.00230612    0.00812267    0.00812393    0.04482516    0.00122478
            21            22            23            24            25      
     1    0.00014875    0.00002322    0.00064367    0.00001261    0.00001261
     2    0.00015513    0.00002641    0.00062585    0.00001742    0.00001782
     3    0.00002552    0.00000415    0.00010374    0.00000263    0.00000273
     4    0.00010376    0.00001872    0.00036710    0.00001501    0.00001514
     5    0.00002507    0.00000417    0.00010353    0.00000272    0.00000265
     6    0.00015470    0.00002667    0.00062503    0.00001774    0.00001752
     7    0.00000415    0.00000064    0.00001872    0.00000037    0.00000038
     8    0.00000273    0.00000038    0.00001513    0.00000010    0.00000010
     9    0.00000260    0.00000046    0.00000932    0.00000038    0.00000038
    10    0.00000263    0.00000037    0.00001502    0.00000011    0.00000010
    11    0.00000418    0.00000065    0.00001880    0.00000037    0.00000037
    12    0.00185812    0.00030364    0.00845025    0.00014876    0.00014867
    13    0.00083930    0.00012041    0.00265389    0.00006794    0.00006796
    14    0.00630895    0.00152143    0.02110321    0.00059935    0.00059968
    15    0.01341536    0.01410917    0.00979390    0.00138543    0.00138550
    16    0.09907716    0.04049806    0.08876534    0.00799309    0.00799230
    17    0.09702350    0.00772516    0.10409868    0.04561432    0.00249431
    18    1.48119463    0.86061280    0.10409295    0.00249438    0.04561550
    19    0.10416870    0.00249154    1.45491321    0.87542403    0.00813523
    20    0.00249157    0.00139927    0.00778129    0.00363798    0.00013012
    21    4.23312992    0.04276128    1.45497489    0.00813410    0.87542947
    22    0.04276128    0.98442110    0.00777982    0.00013010    0.00363783
    23    1.45497489    0.00777982    4.23321249    0.04461212    0.04461116
    24    0.00813410    0.00013010    0.04461212    0.99524373    0.00133555
    25    0.87542947    0.00363783    0.04461116    0.00133555    0.99524999
    26    0.04482369    0.00122476    0.87703587    0.00359709    0.00359691
            26      
     1    0.00001595
     2    0.00001566
     3    0.00000260
     4    0.00000932
     5    0.00000259
     6    0.00001564
     7    0.00000046
     8    0.00000038
     9    0.00000023
    10    0.00000038
    11    0.00000046
    12    0.00021214
    13    0.00006480
    14    0.00053092
    15    0.00046416
    16    0.00230612
    17    0.00812267
    18    0.00812393
    19    0.04482516
    20    0.00122478
    21    0.04482369
    22    0.00122476
    23    0.87703587
    24    0.00359709
    25    0.00359691
    26    0.99621668
 
 Localization index:
    1(C ):  3.832    2(C ):  4.071    3(C ):  4.085    4(C ):  4.083
    5(C ):  4.085    6(C ):  4.071    7(H ):  0.275    8(H ):  0.288
    9(H ):  0.289   10(H ):  0.288   11(H ):  0.275   12(C ):  3.947
   13(C ):  3.948   14(C ):  3.948   15(C ):  3.947   16(C ):  3.832
   17(C ):  4.071   18(C ):  4.071   19(C ):  4.085   20(H ):  0.275
   21(C ):  4.085   22(H ):  0.275   23(C ):  4.083   24(H ):  0.288
   25(H ):  0.288   26(H ):  0.289
 
