 ********************* Total delocalization index matrix *********************
             1             2             3             4             5      
     1    4.42271298    1.35085767    0.09907159    0.08876483    0.09907413
     2    1.35085767    4.21378704    1.48119796    0.10409539    0.09702366
     3    0.09907159    1.48119796    4.23312596    1.45497304    0.10417092
     4    0.08876483    0.10409539    1.45497304    4.23320795    1.45491416
     5    0.09907413    0.09702366    0.10417092    1.45491416    4.23312690
     6    1.35080208    0.08935778    0.09702523    0.10409469    1.48125664
     7    0.04050041    0.86058849    0.04276335    0.00778041    0.00249161
     8    0.00799226    0.04561555    0.87542805    0.04461174    0.00813521
     9    0.00230609    0.00812360    0.04482385    0.87703651    0.04482429
    10    0.00799301    0.00249436    0.00813433    0.04461118    0.87542581
    11    0.04049827    0.00772490    0.00249154    0.00778071    0.04276270
    12    1.20864269    0.10067735    0.01341360    0.00979424    0.01341404
    13    0.10098433    0.04489210    0.00630688    0.02110516    0.00630845
    14    0.00962639    0.00476923    0.00083910    0.00265420    0.00083918
    15    0.01172355    0.01243547    0.00185806    0.00845180    0.00185817
    16    0.00096411    0.00094148    0.00014873    0.00064357    0.00014866
    17    0.00094160    0.00097847    0.00015485    0.00062351    0.00015438
    18    0.00094137    0.00097598    0.00015458    0.00062415    0.00015478
    19    0.00014868    0.00015480    0.00002547    0.00010332    0.00002503
    20    0.00002323    0.00002645    0.00000415    0.00001876    0.00000417
    21    0.00014871    0.00015458    0.00002505    0.00010349    0.00002547
    22    0.00002323    0.00002669    0.00000417    0.00001873    0.00000415
    23    0.00064357    0.00062419    0.00010350    0.00036488    0.00010332
    24    0.00001260    0.00001777    0.00000273    0.00001506    0.00000264
    25    0.00001262    0.00001753    0.00000264    0.00001515    0.00000274
    26    0.00001595    0.00001562    0.00000259    0.00000926    0.00000259
             6             7             8             9            10      
     1    1.35080208    0.04050041    0.00799226    0.00230609    0.00799301
     2    0.08935778    0.86058849    0.04561555    0.00812360    0.00249436
     3    0.09702523    0.04276335    0.87542805    0.04482385    0.00813433
     4    0.10409469    0.00778041    0.04461174    0.87703651    0.04461118
     5    1.48125664    0.00249161    0.00813521    0.04482429    0.87542581
     6    4.21381841    0.00772535    0.00249438    0.00812290    0.04561554
     7    0.00772535    0.98439617    0.00363809    0.00122481    0.00013008
     8    0.00249438    0.00363809    0.99524888    0.00359683    0.00133563
     9    0.00812290    0.00122481    0.00359683    0.99621620    0.00359700
    10    0.04561554    0.00013008    0.00133563    0.00359700    0.99524661
    11    0.86061574    0.00139936    0.00013012    0.00122468    0.00363811
    12    0.10067731    0.01410468    0.00138530    0.00046418    0.00138552
    13    0.04489653    0.00151947    0.00059926    0.00053097    0.00059975
    14    0.00476885    0.00012043    0.00006793    0.00006480    0.00006797
    15    0.01243398    0.00030373    0.00014868    0.00021218    0.00014872
    16    0.00094150    0.00002323    0.00001262    0.00001595    0.00001260
    17    0.00097492    0.00002642    0.00001785    0.00001560    0.00001747
    18    0.00097831    0.00002669    0.00001752    0.00001562    0.00001777
    19    0.00015438    0.00000415    0.00000274    0.00000259    0.00000264
    20    0.00002670    0.00000064    0.00000038    0.00000046    0.00000037
    21    0.00015483    0.00000417    0.00000264    0.00000259    0.00000273
    22    0.00002642    0.00000065    0.00000037    0.00000046    0.00000038
    23    0.00062348    0.00001873    0.00001515    0.00000926    0.00001506
    24    0.00001746    0.00000038    0.00000010    0.00000038    0.00000010
    25    0.00001785    0.00000037    0.00000010    0.00000038    0.00000010
    26    0.00001560    0.00000046    0.00000038    0.00000023    0.00000038
            11            12            13            14            15      
     1    0.04049827    1.20864269    0.10098433    0.00962639    0.01172355
     2    0.00772490    0.10067735    0.04489210    0.00476923    0.01243547
     3    0.00249154    0.01341360    0.00630688    0.00083910    0.00185806
     4    0.00778071    0.00979424    0.02110516    0.00265420    0.00845180
     5    0.04276270    0.01341404    0.00630845    0.00083918    0.00185817
     6    0.86061574    0.10067731    0.04489653    0.00476885    0.01243398
     7    0.00139936    0.01410468    0.00151947    0.00012043    0.00030373
     8    0.00013012    0.00138530    0.00059926    0.00006793    0.00014868
     9    0.00122468    0.00046418    0.00053097    0.00006480    0.00021218
    10    0.00363811    0.00138552    0.00059975    0.00006797    0.00014872
    11    0.98442319    0.01410603    0.00152107    0.00012042    0.00030360
    12    0.01410603    4.22988006    2.41903188    0.12694538    0.15596015
    13    0.00152107    2.41903188    4.19371391    1.39453424    0.12694540
    14    0.00012042    0.12694538    1.39453424    4.19371398    2.41903252
    15    0.00030360    0.15596015    0.12694540    2.41903252    4.22988013
    16    0.00002323    0.01172351    0.00962637    0.10098414    1.20864128
    17    0.00002670    0.01243538    0.00476933    0.04490122    0.10068452
    18    0.00002644    0.01243392    0.00476870    0.04488706    0.10067053
    19    0.00000417    0.00185834    0.00083923    0.00630904    0.01341454
    20    0.00000065    0.00030362    0.00012042    0.00152132    0.01410724
    21    0.00000415    0.00185788    0.00083904    0.00630627    0.01341318
    22    0.00000064    0.00030371    0.00012043    0.00151922    0.01410357
    23    0.00001876    0.00845177    0.00265419    0.02110509    0.00979425
    24    0.00000037    0.00014872    0.00006797    0.00059975    0.00138548
    25    0.00000038    0.00014867    0.00006793    0.00059926    0.00138536
    26    0.00000046    0.00021217    0.00006480    0.00053097    0.00046418
            16            17            18            19            20      
     1    0.00096411    0.00094160    0.00094137    0.00014868    0.00002323
     2    0.00094148    0.00097847    0.00097598    0.00015480    0.00002645
     3    0.00014873    0.00015485    0.00015458    0.00002547    0.00000415
     4    0.00064357    0.00062351    0.00062415    0.00010332    0.00001876
     5    0.00014866    0.00015438    0.00015478    0.00002503    0.00000417
     6    0.00094150    0.00097492    0.00097831    0.00015438    0.00002670
     7    0.00002323    0.00002642    0.00002669    0.00000415    0.00000064
     8    0.00001262    0.00001785    0.00001752    0.00000274    0.00000038
     9    0.00001595    0.00001560    0.00001562    0.00000259    0.00000046
    10    0.00001260    0.00001747    0.00001777    0.00000264    0.00000037
    11    0.00002323    0.00002670    0.00002644    0.00000417    0.00000065
    12    0.01172351    0.01243538    0.01243392    0.00185834    0.00030362
    13    0.00962637    0.00476933    0.00476870    0.00083923    0.00012042
    14    0.10098414    0.04490122    0.04488706    0.00630904    0.00152132
    15    1.20864128    0.10068452    0.10067053    0.01341454    0.01410724
    16    4.42271296    1.35083501    1.35082570    0.09907267    0.04049802
    17    1.35083501    4.21382182    0.08935748    1.48121123    0.86061495
    18    1.35082570    0.08935748    4.21378341    0.09702208    0.00772520
    19    0.09907267    1.48121123    0.09702208    4.23312443    0.04276219
    20    0.04049802    0.86061495    0.00772520    0.04276219    0.98442274
    21    0.09907360    0.09702670    1.48124318    0.10417076    0.00249158
    22    0.04050055    0.00772502    0.86058917    0.00249157    0.00139935
    23    0.08876506    0.10409580    0.10409436    1.45496066    0.00778009
    24    0.00799244    0.04561538    0.00249432    0.87542574    0.00363799
    25    0.00799285    0.00249441    0.04561561    0.00813450    0.00013010
    26    0.00230610    0.00812362    0.00812287    0.04482391    0.00122472
            21            22            23            24            25      
     1    0.00014871    0.00002323    0.00064357    0.00001260    0.00001262
     2    0.00015458    0.00002669    0.00062419    0.00001777    0.00001753
     3    0.00002505    0.00000417    0.00010350    0.00000273    0.00000264
     4    0.00010349    0.00001873    0.00036488    0.00001506    0.00001515
     5    0.00002547    0.00000415    0.00010332    0.00000264    0.00000274
     6    0.00015483    0.00002642    0.00062348    0.00001746    0.00001785
     7    0.00000417    0.00000065    0.00001873    0.00000038    0.00000037
     8    0.00000264    0.00000037    0.00001515    0.00000010    0.00000010
     9    0.00000259    0.00000046    0.00000926    0.00000038    0.00000038
    10    0.00000273    0.00000038    0.00001506    0.00000010    0.00000010
    11    0.00000415    0.00000064    0.00001876    0.00000037    0.00000038
    12    0.00185788    0.00030371    0.00845177    0.00014872    0.00014867
    13    0.00083904    0.00012043    0.00265419    0.00006797    0.00006793
    14    0.00630627    0.00151922    0.02110509    0.00059975    0.00059926
    15    0.01341318    0.01410357    0.00979425    0.00138548    0.00138536
    16    0.09907360    0.04050055    0.08876506    0.00799244    0.00799285
    17    0.09702670    0.00772502    0.10409580    0.04561538    0.00249441
    18    1.48124318    0.86058917    0.10409436    0.00249432    0.04561561
    19    0.10417076    0.00249157    1.45496066    0.87542574    0.00813450
    20    0.00249158    0.00139935    0.00778009    0.00363799    0.00013010
    21    4.23312822    0.04276377    1.45492639    0.00813503    0.87542814
    22    0.04276377    0.98439635    0.00778103    0.00013011    0.00363819
    23    1.45492639    0.00778103    4.23320806    0.04461107    0.04461187
    24    0.00813503    0.00013011    0.04461107    0.99524616    0.00133562
    25    0.87542814    0.00363819    0.04461187    0.00133562    0.99524926
    26    0.04482430    0.00122478    0.87703654    0.00359695    0.00359689
            26      
     1    0.00001595
     2    0.00001562
     3    0.00000259
     4    0.00000926
     5    0.00000259
     6    0.00001560
     7    0.00000046
     8    0.00000038
     9    0.00000023
    10    0.00000038
    11    0.00000046
    12    0.00021217
    13    0.00006480
    14    0.00053097
    15    0.00046418
    16    0.00230610
    17    0.00812362
    18    0.00812287
    19    0.04482391
    20    0.00122472
    21    0.04482430
    22    0.00122478
    23    0.87703654
    24    0.00359695
    25    0.00359689
    26    0.99621631
 
 Localization index:
    1(C ):  3.832    2(C ):  4.071    3(C ):  4.085    4(C ):  4.083
    5(C ):  4.085    6(C ):  4.071    7(H ):  0.275    8(H ):  0.288
    9(H ):  0.289   10(H ):  0.288   11(H ):  0.275   12(C ):  3.947
   13(C ):  3.948   14(C ):  3.948   15(C ):  3.947   16(C ):  3.832
   17(C ):  4.071   18(C ):  4.071   19(C ):  4.085   20(H ):  0.275
   21(C ):  4.085   22(H ):  0.275   23(C ):  4.083   24(H ):  0.288
   25(H ):  0.288   26(H ):  0.289
 
