 ********************* Total delocalization index matrix *********************
             1             2             3             4             5      
     1    4.42280762    1.35038493    0.09908485    0.08872234    0.09908271
     2    1.35038493    4.21345500    1.48140710    0.10409843    0.09695543
     3    0.09908485    1.48140710    4.23311638    1.45482228    0.10411914
     4    0.08872234    0.10409843    1.45482228    4.23334501    1.45485533
     5    0.09908271    0.09695543    0.10411914    1.45485533    4.23310827
     6    1.35043467    0.08927296    0.09695799    0.10410194    1.48137370
     7    0.04048754    0.86037031    0.04276478    0.00778135    0.00249051
     8    0.00799457    0.04561867    0.87537732    0.04460564    0.00813402
     9    0.00230508    0.00812086    0.04481997    0.87702529    0.04481947
    10    0.00799419    0.00249305    0.00813455    0.04460589    0.87537859
    11    0.04049061    0.00772503    0.00249067    0.00778144    0.04276639
    12    1.20933137    0.10067143    0.01343244    0.00977366    0.01343118
    13    0.10101094    0.04481396    0.00630477    0.02100436    0.00630236
    14    0.00975153    0.00475955    0.00084759    0.00263697    0.00084745
    15    0.01173978    0.01235276    0.00185151    0.00834920    0.00185138
    16    0.00101774    0.00095814    0.00015530    0.00065988    0.00015530
    17    0.00095808    0.00110105    0.00017241    0.00079399    0.00017259
    18    0.00095812    0.00110524    0.00017291    0.00079493    0.00017227
    19    0.00015531    0.00017228    0.00002793    0.00012743    0.00002844
    20    0.00002333    0.00002795    0.00000437    0.00002062    0.00000433
    21    0.00015530    0.00017291    0.00002849    0.00012771    0.00002793
    22    0.00002331    0.00002754    0.00000432    0.00002052    0.00000435
    23    0.00065988    0.00079495    0.00012771    0.00059688    0.00012742
    24    0.00001253    0.00001505    0.00000232    0.00001186    0.00000244
    25    0.00001253    0.00001556    0.00000245    0.00001201    0.00000234
    26    0.00001640    0.00001988    0.00000319    0.00001504    0.00000319
             6             7             8             9            10      
     1    1.35043467    0.04048754    0.00799457    0.00230508    0.00799419
     2    0.08927296    0.86037031    0.04561867    0.00812086    0.00249305
     3    0.09695799    0.04276478    0.87537732    0.04481997    0.00813455
     4    0.10410194    0.00778135    0.04460564    0.87702529    0.04460589
     5    1.48137370    0.00249051    0.00813402    0.04481947    0.87537859
     6    4.21345347    0.00772444    0.00249311    0.00812137    0.04561778
     7    0.00772444    0.98417795    0.00363897    0.00122459    0.00013010
     8    0.00249311    0.00363897    0.99519438    0.00359638    0.00133564
     9    0.00812137    0.00122459    0.00359638    0.99620005    0.00359622
    10    0.04561778    0.00013010    0.00133564    0.00359622    0.99519402
    11    0.86036257    0.00139970    0.00013008    0.00122475    0.00363908
    12    0.10066464    0.01411074    0.00138627    0.00046373    0.00138605
    13    0.04480601    0.00152078    0.00060229    0.00052855    0.00060183
    14    0.00476000    0.00012017    0.00006869    0.00006449    0.00006866
    15    0.01235454    0.00030353    0.00015134    0.00020973    0.00015139
    16    0.00095806    0.00002331    0.00001253    0.00001640    0.00001253
    17    0.00110378    0.00002787    0.00001518    0.00001986    0.00001547
    18    0.00110098    0.00002754    0.00001556    0.00001988    0.00001505
    19    0.00017259    0.00000435    0.00000234    0.00000319    0.00000244
    20    0.00002761    0.00000066    0.00000035    0.00000051    0.00000036
    21    0.00017240    0.00000432    0.00000245    0.00000319    0.00000232
    22    0.00002787    0.00000066    0.00000036    0.00000051    0.00000035
    23    0.00079395    0.00002052    0.00001201    0.00001504    0.00001186
    24    0.00001547    0.00000035    0.00000015    0.00000030    0.00000016
    25    0.00001518    0.00000036    0.00000015    0.00000031    0.00000015
    26    0.00001986    0.00000051    0.00000031    0.00000038    0.00000030
            11            12            13            14            15      
     1    0.04049061    1.20933137    0.10101094    0.00975153    0.01173978
     2    0.00772503    0.10067143    0.04481396    0.00475955    0.01235276
     3    0.00249067    0.01343244    0.00630477    0.00084759    0.00185151
     4    0.00778144    0.00977366    0.02100436    0.00263697    0.00834920
     5    0.04276639    0.01343118    0.00630236    0.00084745    0.00185138
     6    0.86036257    0.10066464    0.04480601    0.00476000    0.01235454
     7    0.00139970    0.01411074    0.00152078    0.00012017    0.00030353
     8    0.00013008    0.00138627    0.00060229    0.00006869    0.00015134
     9    0.00122475    0.00046373    0.00052855    0.00006449    0.00020973
    10    0.00363908    0.00138605    0.00060183    0.00006866    0.00015139
    11    0.98417164    0.01410847    0.00151830    0.00012020    0.00030362
    12    0.01410847    4.22992707    2.41844805    0.12699768    0.15610227
    13    0.00151830    2.41844805    4.19370197    1.39519669    0.12699765
    14    0.00012020    0.12699768    1.39519669    4.19370189    2.41844717
    15    0.00030362    0.15610227    0.12699765    2.41844717    4.22992665
    16    0.00002333    0.01173983    0.00975157    0.10101116    1.20933324
    17    0.00002761    0.01235485    0.00476013    0.04480726    0.10066889
    18    0.00002794    0.01235261    0.00475948    0.04481318    0.10066660
    19    0.00000433    0.00185145    0.00084747    0.00630257    0.01343125
    20    0.00000066    0.00030362    0.00012020    0.00151840    0.01410951
    21    0.00000436    0.00185147    0.00084758    0.00630461    0.01343231
    22    0.00000066    0.00030352    0.00012017    0.00152064    0.01410929
    23    0.00002062    0.00834928    0.00263700    0.02100454    0.00977367
    24    0.00000036    0.00015141    0.00006866    0.00060185    0.00138604
    25    0.00000035    0.00015133    0.00006868    0.00060227    0.00138626
    26    0.00000051    0.00020974    0.00006449    0.00052855    0.00046373
            16            17            18            19            20      
     1    0.00101774    0.00095808    0.00095812    0.00015531    0.00002333
     2    0.00095814    0.00110105    0.00110524    0.00017228    0.00002795
     3    0.00015530    0.00017241    0.00017291    0.00002793    0.00000437
     4    0.00065988    0.00079399    0.00079493    0.00012743    0.00002062
     5    0.00015530    0.00017259    0.00017227    0.00002844    0.00000433
     6    0.00095806    0.00110378    0.00110098    0.00017259    0.00002761
     7    0.00002331    0.00002787    0.00002754    0.00000435    0.00000066
     8    0.00001253    0.00001518    0.00001556    0.00000234    0.00000035
     9    0.00001640    0.00001986    0.00001988    0.00000319    0.00000051
    10    0.00001253    0.00001547    0.00001505    0.00000244    0.00000036
    11    0.00002333    0.00002761    0.00002794    0.00000433    0.00000066
    12    0.01173983    0.01235485    0.01235261    0.00185145    0.00030362
    13    0.00975157    0.00476013    0.00475948    0.00084747    0.00012020
    14    0.10101116    0.04480726    0.04481318    0.00630257    0.00151840
    15    1.20933324    0.10066889    0.10066660    0.01343125    0.01410951
    16    4.42280721    1.35042757    1.35039012    0.09908177    0.04048997
    17    1.35042757    4.21345442    0.08927322    1.48137413    0.86036190
    18    1.35039012    0.08927322    4.21345541    0.09695408    0.00772489
    19    0.09908177    1.48137413    0.09695408    4.23310865    0.04276646
    20    0.04048997    0.86036190    0.00772489    0.04276646    0.98417139
    21    0.09908529    0.09695916    1.48140872    0.10411932    0.00249070
    22    0.04048803    0.00772460    0.86037137    0.00249048    0.00139971
    23    0.08872233    0.10410219    0.10409807    1.45485730    0.00778135
    24    0.00799419    0.04561805    0.00249302    0.87537835    0.00363910
    25    0.00799455    0.00249314    0.04561883    0.00813396    0.00013007
    26    0.00230508    0.00812144    0.00812079    0.04481944    0.00122475
            21            22            23            24            25      
     1    0.00015530    0.00002331    0.00065988    0.00001253    0.00001253
     2    0.00017291    0.00002754    0.00079495    0.00001505    0.00001556
     3    0.00002849    0.00000432    0.00012771    0.00000232    0.00000245
     4    0.00012771    0.00002052    0.00059688    0.00001186    0.00001201
     5    0.00002793    0.00000435    0.00012742    0.00000244    0.00000234
     6    0.00017240    0.00002787    0.00079395    0.00001547    0.00001518
     7    0.00000432    0.00000066    0.00002052    0.00000035    0.00000036
     8    0.00000245    0.00000036    0.00001201    0.00000015    0.00000015
     9    0.00000319    0.00000051    0.00001504    0.00000030    0.00000031
    10    0.00000232    0.00000035    0.00001186    0.00000016    0.00000015
    11    0.00000436    0.00000066    0.00002062    0.00000036    0.00000035
    12    0.00185147    0.00030352    0.00834928    0.00015141    0.00015133
    13    0.00084758    0.00012017    0.00263700    0.00006866    0.00006868
    14    0.00630461    0.00152064    0.02100454    0.00060185    0.00060227
    15    0.01343231    0.01410929    0.00977367    0.00138604    0.00138626
    16    0.09908529    0.04048803    0.08872233    0.00799419    0.00799455
    17    0.09695916    0.00772460    0.10410219    0.04561805    0.00249314
    18    1.48140872    0.86037137    0.10409807    0.00249302    0.04561883
    19    0.10411932    0.00249048    1.45485730    0.87537835    0.00813396
    20    0.00249070    0.00139971    0.00778135    0.00363910    0.00013007
    21    4.23311718    0.04276516    1.45481956    0.00813465    0.87537733
    22    0.04276516    0.98417862    0.00778142    0.00013011    0.00363908
    23    1.45481956    0.00778142    4.23334424    0.04460565    0.04460555
    24    0.00813465    0.00013011    0.04460565    0.99519392    0.00133566
    25    0.87537733    0.00363908    0.04460555    0.00133566    0.99519445
    26    0.04481994    0.00122458    0.87702546    0.00359621    0.00359635
            26      
     1    0.00001640
     2    0.00001988
     3    0.00000319
     4    0.00001504
     5    0.00000319
     6    0.00001986
     7    0.00000051
     8    0.00000031
     9    0.00000038
    10    0.00000030
    11    0.00000051
    12    0.00020974
    13    0.00006449
    14    0.00052855
    15    0.00046373
    16    0.00230508
    17    0.00812144
    18    0.00812079
    19    0.04481944
    20    0.00122475
    21    0.04481994
    22    0.00122458
    23    0.87702546
    24    0.00359621
    25    0.00359635
    26    0.99620011
 
 Localization index:
    1(C ):  3.832    2(C ):  4.070    3(C ):  4.085    4(C ):  4.083
    5(C ):  4.085    6(C ):  4.070    7(H ):  0.275    8(H ):  0.288
    9(H ):  0.289   10(H ):  0.288   11(H ):  0.275   12(C ):  3.947
   13(C ):  3.948   14(C ):  3.948   15(C ):  3.947   16(C ):  3.832
   17(C ):  4.070   18(C ):  4.070   19(C ):  4.085   20(H ):  0.275
   21(C ):  4.085   22(H ):  0.275   23(C ):  4.083   24(H ):  0.288
   25(H ):  0.288   26(H ):  0.289
 
