 ********************* Total delocalization index matrix *********************
             1             2             3             4             5      
     1    4.42263433    1.34918615    0.09895786    0.08832854    0.09895722
     2    1.34918615    4.21324511    1.48181740    0.10398299    0.09685413
     3    0.09895786    1.48181740    4.23350621    1.45461712    0.10424969
     4    0.08832854    0.10398299    1.45461712    4.23343171    1.45460894
     5    0.09895722    0.09685413    0.10424969    1.45460894    4.23349204
     6    1.34919720    0.08926827    0.09685575    0.10398386    1.48182098
     7    0.04039020    0.86009338    0.04276857    0.00778205    0.00249038
     8    0.00799762    0.04562325    0.87537092    0.04460054    0.00813765
     9    0.00229713    0.00811355    0.04480818    0.87688398    0.04480658
    10    0.00799770    0.00249329    0.00813803    0.04459676    0.87537201
    11    0.04039470    0.00772612    0.00249044    0.00778240    0.04276350
    12    1.21153412    0.10073263    0.01350363    0.00971271    0.01350329
    13    0.10107292    0.04455083    0.00628549    0.02066635    0.00628490
    14    0.01016139    0.00472979    0.00087452    0.00257905    0.00087444
    15    0.01178667    0.01208803    0.00182748    0.00800702    0.00182726
    16    0.00119376    0.00101250    0.00017686    0.00071303    0.00017685
    17    0.00101255    0.00151743    0.00023140    0.00135877    0.00023189
    18    0.00101233    0.00152100    0.00023187    0.00135854    0.00023133
    19    0.00017687    0.00023138    0.00003752    0.00020736    0.00003825
    20    0.00002359    0.00003191    0.00000497    0.00002662    0.00000492
    21    0.00017685    0.00023188    0.00003826    0.00020737    0.00003751
    22    0.00002358    0.00003140    0.00000492    0.00002661    0.00000497
    23    0.00071300    0.00135867    0.00020738    0.00136407    0.00020735
    24    0.00001224    0.00000726    0.00000130    0.00000143    0.00000148
    25    0.00001224    0.00000789    0.00000148    0.00000144    0.00000130
    26    0.00001790    0.00003397    0.00000518    0.00003416    0.00000518
             6             7             8             9            10      
     1    1.34919720    0.04039020    0.00799762    0.00229713    0.00799770
     2    0.08926827    0.86009338    0.04562325    0.00811355    0.00249329
     3    0.09685575    0.04276857    0.87537092    0.04480818    0.00813803
     4    0.10398386    0.00778205    0.04460054    0.87688398    0.04459676
     5    1.48182098    0.00249038    0.00813765    0.04480658    0.87537201
     6    4.21325813    0.00772646    0.00249342    0.00811375    0.04562664
     7    0.00772646    0.98389090    0.00364073    0.00122432    0.00013007
     8    0.00249342    0.00364073    0.99518938    0.00359505    0.00133566
     9    0.00811375    0.00122432    0.00359505    0.99604443    0.00359441
    10    0.04562664    0.00013007    0.00133566    0.00359441    0.99518916
    11    0.86008613    0.00140061    0.00013002    0.00122455    0.00364059
    12    0.10073587    0.01417236    0.00138970    0.00046465    0.00138956
    13    0.04454759    0.00152318    0.00061064    0.00052063    0.00061044
    14    0.00472985    0.00011938    0.00007107    0.00006344    0.00007104
    15    0.01208743    0.00030314    0.00016020    0.00020161    0.00016012
    16    0.00101243    0.00002358    0.00001224    0.00001790    0.00001224
    17    0.00152118    0.00003190    0.00000727    0.00003397    0.00000788
    18    0.00151707    0.00003140    0.00000789    0.00003397    0.00000725
    19    0.00023188    0.00000497    0.00000130    0.00000518    0.00000148
    20    0.00003141    0.00000072    0.00000030    0.00000066    0.00000030
    21    0.00023135    0.00000492    0.00000148    0.00000518    0.00000130
    22    0.00003189    0.00000071    0.00000030    0.00000066    0.00000030
    23    0.00135859    0.00002661    0.00000145    0.00003416    0.00000143
    24    0.00000788    0.00000030    0.00000032    0.00000004    0.00000033
    25    0.00000727    0.00000030    0.00000032    0.00000004    0.00000032
    26    0.00003397    0.00000066    0.00000004    0.00000085    0.00000004
            11            12            13            14            15      
     1    0.04039470    1.21153412    0.10107292    0.01016139    0.01178667
     2    0.00772612    0.10073263    0.04455083    0.00472979    0.01208803
     3    0.00249044    0.01350363    0.00628549    0.00087452    0.00182748
     4    0.00778240    0.00971271    0.02066635    0.00257905    0.00800702
     5    0.04276350    0.01350329    0.00628490    0.00087444    0.00182726
     6    0.86008613    0.10073587    0.04454759    0.00472985    0.01208743
     7    0.00140061    0.01417236    0.00152318    0.00011938    0.00030314
     8    0.00013002    0.00138970    0.00061064    0.00007107    0.00016020
     9    0.00122455    0.00046465    0.00052063    0.00006344    0.00020161
    10    0.00364059    0.00138956    0.00061044    0.00007104    0.00016012
    11    0.98388847    0.01417730    0.00152326    0.00011943    0.00030330
    12    0.01417730    4.23043343    2.41661755    0.12717178    0.15657784
    13    0.00152326    2.41661755    4.19372244    1.39734422    0.12717184
    14    0.00011943    0.12717178    1.39734422    4.19372304    2.41662274
    15    0.00030330    0.15657784    0.12717184    2.41662274    4.23043027
    16    0.00002359    0.01178649    0.01016117    0.10107192    1.21152383
    17    0.00003142    0.01208858    0.00473021    0.04455139    0.10074717
    18    0.00003191    0.01208593    0.00472909    0.04454447    0.10072172
    19    0.00000492    0.00182755    0.00087447    0.00628549    0.01350363
    20    0.00000071    0.00030326    0.00011942    0.00152357    0.01417857
    21    0.00000497    0.00182707    0.00087446    0.00628459    0.01350374
    22    0.00000072    0.00030314    0.00011937    0.00152272    0.01417062
    23    0.00002662    0.00800652    0.00257889    0.02066512    0.00971240
    24    0.00000030    0.00016019    0.00007104    0.00061049    0.00138949
    25    0.00000030    0.00016011    0.00007106    0.00061053    0.00138977
    26    0.00000066    0.00020160    0.00006343    0.00052060    0.00046466
            16            17            18            19            20      
     1    0.00119376    0.00101255    0.00101233    0.00017687    0.00002359
     2    0.00101250    0.00151743    0.00152100    0.00023138    0.00003191
     3    0.00017686    0.00023140    0.00023187    0.00003752    0.00000497
     4    0.00071303    0.00135877    0.00135854    0.00020736    0.00002662
     5    0.00017685    0.00023189    0.00023133    0.00003825    0.00000492
     6    0.00101243    0.00152118    0.00151707    0.00023188    0.00003141
     7    0.00002358    0.00003190    0.00003140    0.00000497    0.00000072
     8    0.00001224    0.00000727    0.00000789    0.00000130    0.00000030
     9    0.00001790    0.00003397    0.00003397    0.00000518    0.00000066
    10    0.00001224    0.00000788    0.00000725    0.00000148    0.00000030
    11    0.00002359    0.00003142    0.00003191    0.00000492    0.00000071
    12    0.01178649    0.01208858    0.01208593    0.00182755    0.00030326
    13    0.01016117    0.00473021    0.00472909    0.00087447    0.00011942
    14    0.10107192    0.04455139    0.04454447    0.00628549    0.00152357
    15    1.21152383    0.10074717    0.10072172    0.01350363    0.01417857
    16    4.42263583    1.34919882    1.34919900    0.09895342    0.04039171
    17    1.34919882    4.21326391    0.08926866    1.48179445    0.86008807
    18    1.34919900    0.08926866    4.21324454    0.09684989    0.00772597
    19    0.09895342    1.48179445    0.09684989    4.23349326    0.04276563
    20    0.04039171    0.86008807    0.00772597    0.04276563    0.98389055
    21    0.09896348    0.09686349    1.48183158    0.10425068    0.00249069
    22    0.04039219    0.00772670    0.86009320    0.00249024    0.00140062
    23    0.08832683    0.10398705    0.10397935    1.45464067    0.00778176
    24    0.00799715    0.04562549    0.00249317    0.87537217    0.00364061
    25    0.00799776    0.00249366    0.04562483    0.00813728    0.00012997
    26    0.00229709    0.00811451    0.00811308    0.04480659    0.00122460
            21            22            23            24            25      
     1    0.00017685    0.00002358    0.00071300    0.00001224    0.00001224
     2    0.00023188    0.00003140    0.00135867    0.00000726    0.00000789
     3    0.00003826    0.00000492    0.00020738    0.00000130    0.00000148
     4    0.00020737    0.00002661    0.00136407    0.00000143    0.00000144
     5    0.00003751    0.00000497    0.00020735    0.00000148    0.00000130
     6    0.00023135    0.00003189    0.00135859    0.00000788    0.00000727
     7    0.00000492    0.00000071    0.00002661    0.00000030    0.00000030
     8    0.00000148    0.00000030    0.00000145    0.00000032    0.00000032
     9    0.00000518    0.00000066    0.00003416    0.00000004    0.00000004
    10    0.00000130    0.00000030    0.00000143    0.00000033    0.00000032
    11    0.00000497    0.00000072    0.00002662    0.00000030    0.00000030
    12    0.00182707    0.00030314    0.00800652    0.00016019    0.00016011
    13    0.00087446    0.00011937    0.00257889    0.00007104    0.00007106
    14    0.00628459    0.00152272    0.02066512    0.00061049    0.00061053
    15    0.01350374    0.01417062    0.00971240    0.00138949    0.00138977
    16    0.09896348    0.04039219    0.08832683    0.00799715    0.00799776
    17    0.09686349    0.00772670    0.10398705    0.04562549    0.00249366
    18    1.48183158    0.86009320    0.10397935    0.00249317    0.04562483
    19    0.10425068    0.00249024    1.45464067    0.87537217    0.00813728
    20    0.00249069    0.00140062    0.00778176    0.00364061    0.00012997
    21    4.23351001    0.04276740    1.45459303    0.00813852    0.87537170
    22    0.04276740    0.98388977    0.00778227    0.00013011    0.00364089
    23    1.45459303    0.00778227    4.23343355    0.04459678    0.04460010
    24    0.00813852    0.00013011    0.04459678    0.99518827    0.00133567
    25    0.87537170    0.00364089    0.04460010    0.00133567    0.99519133
    26    0.04480851    0.00122422    0.87688343    0.00359452    0.00359508
            26      
     1    0.00001790
     2    0.00003397
     3    0.00000518
     4    0.00003416
     5    0.00000518
     6    0.00003397
     7    0.00000066
     8    0.00000004
     9    0.00000085
    10    0.00000004
    11    0.00000066
    12    0.00020160
    13    0.00006343
    14    0.00052060
    15    0.00046466
    16    0.00229709
    17    0.00811451
    18    0.00811308
    19    0.04480659
    20    0.00122460
    21    0.04480851
    22    0.00122422
    23    0.87688343
    24    0.00359452
    25    0.00359508
    26    0.99604454
 
 Localization index:
    1(C ):  3.832    2(C ):  4.070    3(C ):  4.085    4(C ):  4.082
    5(C ):  4.085    6(C ):  4.070    7(H ):  0.275    8(H ):  0.288
    9(H ):  0.289   10(H ):  0.288   11(H ):  0.275   12(C ):  3.947
   13(C ):  3.948   14(C ):  3.948   15(C ):  3.947   16(C ):  3.832
   17(C ):  4.070   18(C ):  4.070   19(C ):  4.085   20(H ):  0.275
   21(C ):  4.085   22(H ):  0.275   23(C ):  4.082   24(H ):  0.288
   25(H ):  0.288   26(H ):  0.289
 
