 ********************* Total delocalization index matrix *********************
             1             2             3             4             5      
     1    4.42267007    1.35133461    0.09909541    0.08900629    0.09909663
     2    1.35133461    4.21365242    1.48078465    0.10409846    0.09709031
     3    0.09909541    1.48078465    4.23299227    1.45522610    0.10424251
     4    0.08900629    0.10409846    1.45522610    4.23343293    1.45513817
     5    0.09909663    0.09709031    0.10424251    1.45513817    4.23299119
     6    1.35125028    0.08947397    0.09709183    0.10409721    1.48087307
     7    0.04049504    0.86050407    0.04275348    0.00777958    0.00249329
     8    0.00799041    0.04560487    0.87538991    0.04461718    0.00813667
     9    0.00231226    0.00812192    0.04483398    0.87704729    0.04483229
    10    0.00799154    0.00249594    0.00813567    0.04461645    0.87539009
    11    0.04049297    0.00772678    0.00249336    0.00778043    0.04275434
    12    1.20776371    0.10082192    0.01340618    0.00983581    0.01340561
    13    0.10095797    0.04498476    0.00631347    0.02124160    0.00631271
    14    0.00945982    0.00477963    0.00082792    0.00267736    0.00082785
    15    0.01170394    0.01253954    0.00186720    0.00858999    0.00186709
    16    0.00089257    0.00091908    0.00013987    0.00062184    0.00013988
    17    0.00091893    0.00080656    0.00013054    0.00039481    0.00013065
    18    0.00091906    0.00080783    0.00013068    0.00039492    0.00013054
    19    0.00013988    0.00013054    0.00002124    0.00007108    0.00002139
    20    0.00002312    0.00002503    0.00000392    0.00001632    0.00000391
    21    0.00013987    0.00013069    0.00002140    0.00007110    0.00002124
    22    0.00002312    0.00002492    0.00000391    0.00001629    0.00000392
    23    0.00062183    0.00039490    0.00007110    0.00005442    0.00007108
    24    0.00001273    0.00002072    0.00000307    0.00001934    0.00000310
    25    0.00001272    0.00002084    0.00000310    0.00001936    0.00000307
    26    0.00001534    0.00000989    0.00000178    0.00000153    0.00000178
             6             7             8             9            10      
     1    1.35125028    0.04049504    0.00799041    0.00231226    0.00799154
     2    0.08947397    0.86050407    0.04560487    0.00812192    0.00249594
     3    0.09709183    0.04275348    0.87538991    0.04483398    0.00813567
     4    0.10409721    0.00777958    0.04461718    0.87704729    0.04461645
     5    1.48087307    0.00249329    0.00813667    0.04483229    0.87539009
     6    4.21366299    0.00772793    0.00249600    0.00812099    0.04560572
     7    0.00772793    0.98441606    0.00363708    0.00122480    0.00013009
     8    0.00249600    0.00363708    0.99520966    0.00359724    0.00133575
     9    0.00812099    0.00122480    0.00359724    0.99623647    0.00359695
    10    0.04560572    0.00013009    0.00133575    0.00359695    0.99520996
    11    0.86051429    0.00139907    0.00013009    0.00122480    0.00363721
    12    0.10082637    0.01422622    0.00138511    0.00046698    0.00138516
    13    0.04497776    0.00152126    0.00059609    0.00053424    0.00059609
    14    0.00477917    0.00012074    0.00006698    0.00006522    0.00006699
    15    0.01253800    0.00030380    0.00014511    0.00021547    0.00014517
    16    0.00091890    0.00002312    0.00001272    0.00001534    0.00001273
    17    0.00080755    0.00002501    0.00002073    0.00000989    0.00002083
    18    0.00080655    0.00002492    0.00002084    0.00000989    0.00002072
    19    0.00013064    0.00000392    0.00000307    0.00000178    0.00000310
    20    0.00002494    0.00000062    0.00000040    0.00000040    0.00000040
    21    0.00013054    0.00000391    0.00000310    0.00000178    0.00000307
    22    0.00002501    0.00000062    0.00000040    0.00000040    0.00000040
    23    0.00039482    0.00001629    0.00001936    0.00000153    0.00001934
    24    0.00002083    0.00000040    0.00000003    0.00000049    0.00000004
    25    0.00002073    0.00000040    0.00000003    0.00000049    0.00000003
    26    0.00000989    0.00000040    0.00000049    0.00000004    0.00000049
            11            12            13            14            15      
     1    0.04049297    1.20776371    0.10095797    0.00945982    0.01170394
     2    0.00772678    0.10082192    0.04498476    0.00477963    0.01253954
     3    0.00249336    0.01340618    0.00631347    0.00082792    0.00186720
     4    0.00778043    0.00983581    0.02124160    0.00267736    0.00858999
     5    0.04275434    0.01340561    0.00631271    0.00082785    0.00186709
     6    0.86051429    0.10082637    0.04497776    0.00477917    0.01253800
     7    0.00139907    0.01422622    0.00152126    0.00012074    0.00030380
     8    0.00013009    0.00138511    0.00059609    0.00006698    0.00014511
     9    0.00122480    0.00046698    0.00053424    0.00006522    0.00021547
    10    0.00363721    0.00138516    0.00059609    0.00006699    0.00014517
    11    0.98442648    0.01422796    0.00152096    0.00012074    0.00030380
    12    0.01422796    4.23043149    2.41981076    0.12687613    0.15577399
    13    0.00152096    2.41981076    4.19369158    1.39365531    0.12687601
    14    0.00012074    0.12687613    1.39365531    4.19369177    2.41980961
    15    0.00030380    0.15577399    0.12687601    2.41980961    4.23043237
    16    0.00002312    0.01170403    0.00945987    0.10095835    1.20776675
    17    0.00002494    0.01253853    0.00477935    0.04497883    0.10082499
    18    0.00002503    0.01253930    0.00477953    0.04498448    0.10082307
    19    0.00000391    0.00186712    0.00082785    0.00631273    0.01340554
    20    0.00000062    0.00030382    0.00012074    0.00152088    0.01422733
    21    0.00000392    0.00186720    0.00082793    0.00631352    0.01340613
    22    0.00000062    0.00030380    0.00012073    0.00152135    0.01422682
    23    0.00001631    0.00859006    0.00267738    0.02124174    0.00983580
    24    0.00000040    0.00014516    0.00006698    0.00059606    0.00138511
    25    0.00000040    0.00014512    0.00006699    0.00059613    0.00138513
    26    0.00000040    0.00021547    0.00006523    0.00053424    0.00046698
            16            17            18            19            20      
     1    0.00089257    0.00091893    0.00091906    0.00013988    0.00002312
     2    0.00091908    0.00080656    0.00080783    0.00013054    0.00002503
     3    0.00013987    0.00013054    0.00013068    0.00002124    0.00000392
     4    0.00062184    0.00039481    0.00039492    0.00007108    0.00001632
     5    0.00013988    0.00013065    0.00013054    0.00002139    0.00000391
     6    0.00091890    0.00080755    0.00080655    0.00013064    0.00002494
     7    0.00002312    0.00002501    0.00002492    0.00000392    0.00000062
     8    0.00001272    0.00002073    0.00002084    0.00000307    0.00000040
     9    0.00001534    0.00000989    0.00000989    0.00000178    0.00000040
    10    0.00001273    0.00002083    0.00002072    0.00000310    0.00000040
    11    0.00002312    0.00002494    0.00002503    0.00000391    0.00000062
    12    0.01170403    0.01253853    0.01253930    0.00186712    0.00030382
    13    0.00945987    0.00477935    0.00477953    0.00082785    0.00012074
    14    0.10095835    0.04497883    0.04498448    0.00631273    0.00152088
    15    1.20776675    0.10082499    0.10082307    0.01340554    0.01422733
    16    4.42267092    1.35126692    1.35131656    0.09909577    0.04049362
    17    1.35126692    4.21366439    0.08947453    1.48085520    0.86051505
    18    1.35131656    0.08947453    4.21365150    0.09709020    0.00772701
    19    0.09909577    1.48085520    0.09709020    4.23299117    0.04275427
    20    0.04049362    0.86051505    0.00772701    0.04275427    0.98442724
    21    0.09909537    0.09709229    1.48080222    0.10424296    0.00249338
    22    0.04049461    0.00772776    0.86050321    0.00249328    0.00139910
    23    0.08900575    0.10409750    0.10409776    1.45515695    0.00778025
    24    0.00799131    0.04560574    0.00249594    0.87539005    0.00363720
    25    0.00799061    0.00249601    0.04560503    0.00813644    0.00013008
    26    0.00231224    0.00812125    0.00812166    0.04483227    0.00122482
            21            22            23            24            25      
     1    0.00013987    0.00002312    0.00062183    0.00001273    0.00001272
     2    0.00013069    0.00002492    0.00039490    0.00002072    0.00002084
     3    0.00002140    0.00000391    0.00007110    0.00000307    0.00000310
     4    0.00007110    0.00001629    0.00005442    0.00001934    0.00001936
     5    0.00002124    0.00000392    0.00007108    0.00000310    0.00000307
     6    0.00013054    0.00002501    0.00039482    0.00002083    0.00002073
     7    0.00000391    0.00000062    0.00001629    0.00000040    0.00000040
     8    0.00000310    0.00000040    0.00001936    0.00000003    0.00000003
     9    0.00000178    0.00000040    0.00000153    0.00000049    0.00000049
    10    0.00000307    0.00000040    0.00001934    0.00000004    0.00000003
    11    0.00000392    0.00000062    0.00001631    0.00000040    0.00000040
    12    0.00186720    0.00030380    0.00859006    0.00014516    0.00014512
    13    0.00082793    0.00012073    0.00267738    0.00006698    0.00006699
    14    0.00631352    0.00152135    0.02124174    0.00059606    0.00059613
    15    0.01340613    0.01422682    0.00983580    0.00138511    0.00138513
    16    0.09909537    0.04049461    0.08900575    0.00799131    0.00799061
    17    0.09709229    0.00772776    0.10409750    0.04560574    0.00249601
    18    1.48080222    0.86050321    0.10409776    0.00249594    0.04560503
    19    0.10424296    0.00249328    1.45515695    0.87539005    0.00813644
    20    0.00249338    0.00139910    0.00778025    0.00363720    0.00013008
    21    4.23299254    0.04275359    1.45520758    0.00813595    0.87538995
    22    0.04275359    0.98441557    0.00777974    0.00013010    0.00363710
    23    1.45520758    0.00777974    4.23343239    0.04461645    0.04461720
    24    0.00813595    0.00013010    0.04461645    0.99520991    0.00133577
    25    0.87538995    0.00363710    0.04461720    0.00133577    0.99520995
    26    0.04483382    0.00122477    0.87704724    0.00359695    0.00359721
            26      
     1    0.00001534
     2    0.00000989
     3    0.00000178
     4    0.00000153
     5    0.00000178
     6    0.00000989
     7    0.00000040
     8    0.00000049
     9    0.00000004
    10    0.00000049
    11    0.00000040
    12    0.00021547
    13    0.00006523
    14    0.00053424
    15    0.00046698
    16    0.00231224
    17    0.00812125
    18    0.00812166
    19    0.04483227
    20    0.00122482
    21    0.04483382
    22    0.00122477
    23    0.87704724
    24    0.00359695
    25    0.00359721
    26    0.99623618
 
 Localization index:
    1(C ):  3.832    2(C ):  4.070    3(C ):  4.085    4(C ):  4.083
    5(C ):  4.085    6(C ):  4.070    7(H ):  0.275    8(H ):  0.288
    9(H ):  0.289   10(H ):  0.288   11(H ):  0.275   12(C ):  3.947
   13(C ):  3.948   14(C ):  3.948   15(C ):  3.947   16(C ):  3.832
   17(C ):  4.070   18(C ):  4.070   19(C ):  4.085   20(H ):  0.275
   21(C ):  4.085   22(H ):  0.275   23(C ):  4.083   24(H ):  0.288
   25(H ):  0.288   26(H ):  0.289
 
