 ********************* Total delocalization index matrix *********************
             1             2             3             4             5      
     1    4.42265848    1.35101838    0.09908023    0.08885543    0.09907996
     2    1.35101838    4.21388539    1.48113445    0.10409733    0.09707814
     3    0.09908023    1.48113445    4.23311373    1.45497009    0.10421552
     4    0.08885543    0.10409733    1.45497009    4.23325258    1.45516179
     5    0.09907996    0.09707814    0.10421552    1.45516179    4.23311494
     6    1.35124124    0.08942855    0.09706784    0.10409863    1.48093785
     7    0.04049503    0.86060232    0.04275736    0.00778097    0.00249262
     8    0.00799266    0.04561160    0.87544500    0.04461506    0.00813452
     9    0.00230855    0.00812213    0.04482684    0.87704199    0.04483068
    10    0.00799042    0.00249556    0.00813633    0.04461869    0.87544231
    11    0.04050220    0.00772754    0.00249247    0.00777950    0.04275955
    12    1.20810819    0.10079134    0.01340856    0.00981750    0.01340737
    13    0.10096620    0.04495598    0.00631263    0.02118664    0.00630939
    14    0.00952659    0.00477529    0.00083249    0.00266804    0.00083236
    15    0.01171127    0.01249630    0.00186369    0.00853441    0.00186333
    16    0.00092127    0.00092809    0.00014342    0.00063056    0.00014341
    17    0.00092817    0.00087468    0.00014026    0.00048673    0.00014030
    18    0.00092806    0.00087720    0.00014054    0.00048735    0.00014010
    19    0.00014343    0.00014013    0.00002276    0.00008399    0.00002303
    20    0.00002317    0.00002573    0.00000403    0.00001732    0.00000401
    21    0.00014340    0.00014051    0.00002307    0.00008418    0.00002275
    22    0.00002315    0.00002550    0.00000400    0.00001725    0.00000402
    23    0.00063056    0.00048740    0.00008421    0.00017920    0.00008397
    24    0.00001268    0.00001937    0.00000289    0.00001760    0.00000295
    25    0.00001268    0.00001966    0.00000296    0.00001769    0.00000290
    26    0.00001558    0.00001220    0.00000211    0.00000464    0.00000211
             6             7             8             9            10      
     1    1.35124124    0.04049503    0.00799266    0.00230855    0.00799042
     2    0.08942855    0.86060232    0.04561160    0.00812213    0.00249556
     3    0.09706784    0.04275736    0.87544500    0.04482684    0.00813633
     4    0.10409863    0.00778097    0.04461506    0.87704199    0.04461869
     5    1.48093785    0.00249262    0.00813452    0.04483068    0.87544231
     6    4.21386576    0.00772433    0.00249513    0.00812380    0.04560876
     7    0.00772433    0.98447854    0.00363754    0.00122484    0.00013008
     8    0.00249513    0.00363754    0.99526819    0.00359679    0.00133561
     9    0.00812380    0.00122484    0.00359679    0.99622650    0.00359758
    10    0.04560876    0.00013008    0.00133561    0.00359758    0.99526507
    11    0.86061316    0.00139910    0.00013015    0.00122477    0.00363739
    12    0.10075206    0.01418483    0.00138542    0.00046572    0.00138509
    13    0.04494948    0.00152318    0.00059793    0.00053294    0.00059701
    14    0.00477620    0.00012060    0.00006741    0.00006506    0.00006734
    15    0.01249996    0.00030368    0.00014664    0.00021415    0.00014650
    16    0.00092814    0.00002315    0.00001268    0.00001558    0.00001267
    17    0.00087636    0.00002568    0.00001947    0.00001218    0.00001959
    18    0.00087457    0.00002550    0.00001967    0.00001220    0.00001936
    19    0.00014032    0.00000402    0.00000290    0.00000211    0.00000295
    20    0.00002555    0.00000063    0.00000039    0.00000043    0.00000039
    21    0.00014022    0.00000400    0.00000296    0.00000211    0.00000289
    22    0.00002568    0.00000063    0.00000039    0.00000043    0.00000039
    23    0.00048667    0.00001725    0.00001770    0.00000464    0.00001759
    24    0.00001960    0.00000039    0.00000006    0.00000044    0.00000006
    25    0.00001946    0.00000039    0.00000006    0.00000045    0.00000006
    26    0.00001218    0.00000043    0.00000045    0.00000012    0.00000044
            11            12            13            14            15      
     1    0.04050220    1.20810819    0.10096620    0.00952659    0.01171127
     2    0.00772754    0.10079134    0.04495598    0.00477529    0.01249630
     3    0.00249247    0.01340856    0.00631263    0.00083249    0.00186369
     4    0.00777950    0.00981750    0.02118664    0.00266804    0.00853441
     5    0.04275955    0.01340737    0.00630939    0.00083236    0.00186333
     6    0.86061316    0.10075206    0.04494948    0.00477620    0.01249996
     7    0.00139910    0.01418483    0.00152318    0.00012060    0.00030368
     8    0.00013015    0.00138542    0.00059793    0.00006741    0.00014664
     9    0.00122477    0.00046572    0.00053294    0.00006506    0.00021415
    10    0.00363739    0.00138509    0.00059701    0.00006734    0.00014650
    11    0.98447606    0.01416445    0.00151904    0.00012063    0.00030383
    12    0.01416445    4.23020256    2.41949600    0.12690379    0.15584800
    13    0.00151904    2.41949600    4.19371067    1.39400837    0.12690372
    14    0.00012063    0.12690379    1.39400837    4.19371063    2.41949465
    15    0.00030383    0.15584800    0.12690372    2.41949465    4.23020307
    16    0.00002317    0.01171136    0.00952664    0.10096662    1.20811135
    17    0.00002556    0.01250026    0.00477633    0.04495213    0.10076237
    18    0.00002573    0.01249628    0.00477525    0.04495406    0.10078045
    19    0.00000401    0.00186352    0.00083239    0.00631004    0.01340745
    20    0.00000063    0.00030382    0.00012063    0.00151979    0.01416860
    21    0.00000403    0.00186353    0.00083246    0.00631203    0.01340829
    22    0.00000063    0.00030369    0.00012060    0.00152245    0.01418070
    23    0.00001732    0.00853448    0.00266806    0.02118682    0.00981750
    24    0.00000039    0.00014656    0.00006735    0.00059715    0.00138509
    25    0.00000039    0.00014659    0.00006739    0.00059780    0.00138540
    26    0.00000043    0.00021415    0.00006506    0.00053294    0.00046572
            16            17            18            19            20      
     1    0.00092127    0.00092817    0.00092806    0.00014343    0.00002317
     2    0.00092809    0.00087468    0.00087720    0.00014013    0.00002573
     3    0.00014342    0.00014026    0.00014054    0.00002276    0.00000403
     4    0.00063056    0.00048673    0.00048735    0.00008399    0.00001732
     5    0.00014341    0.00014030    0.00014010    0.00002303    0.00000401
     6    0.00092814    0.00087636    0.00087457    0.00014032    0.00002555
     7    0.00002315    0.00002568    0.00002550    0.00000402    0.00000063
     8    0.00001268    0.00001947    0.00001967    0.00000290    0.00000039
     9    0.00001558    0.00001218    0.00001220    0.00000211    0.00000043
    10    0.00001267    0.00001959    0.00001936    0.00000295    0.00000039
    11    0.00002317    0.00002556    0.00002573    0.00000401    0.00000063
    12    0.01171136    0.01250026    0.01249628    0.00186352    0.00030382
    13    0.00952664    0.00477633    0.00477525    0.00083239    0.00012063
    14    0.10096662    0.04495213    0.04495406    0.00631004    0.00151979
    15    1.20811135    0.10076237    0.10078045    0.01340745    0.01416860
    16    4.42265910    1.35120563    1.35105205    0.09907692    0.04050104
    17    1.35120563    4.21386933    0.08942923    1.48096036    0.86060900
    18    1.35105205    0.08942923    4.21388214    0.09707465    0.00772699
    19    0.09907692    1.48096036    0.09707465    4.23311048    0.04275908
    20    0.04050104    0.86060900    0.00772699    0.04275908    0.98447486
    21    0.09908213    0.09707151    1.48111253    0.10421596    0.00249256
    22    0.04049659    0.00772494    0.86060646    0.00249254    0.00139912
    23    0.08885501    0.10410025    0.10409535    1.45514216    0.00777963
    24    0.00799063    0.04560928    0.00249544    0.87544206    0.00363738
    25    0.00799245    0.00249527    0.04561102    0.00813457    0.00013011
    26    0.00230853    0.00812379    0.00812210    0.04482913    0.00122483
            21            22            23            24            25      
     1    0.00014340    0.00002315    0.00063056    0.00001268    0.00001268
     2    0.00014051    0.00002550    0.00048740    0.00001937    0.00001966
     3    0.00002307    0.00000400    0.00008421    0.00000289    0.00000296
     4    0.00008418    0.00001725    0.00017920    0.00001760    0.00001769
     5    0.00002275    0.00000402    0.00008397    0.00000295    0.00000290
     6    0.00014022    0.00002568    0.00048667    0.00001960    0.00001946
     7    0.00000400    0.00000063    0.00001725    0.00000039    0.00000039
     8    0.00000296    0.00000039    0.00001770    0.00000006    0.00000006
     9    0.00000211    0.00000043    0.00000464    0.00000044    0.00000045
    10    0.00000289    0.00000039    0.00001759    0.00000006    0.00000006
    11    0.00000403    0.00000063    0.00001732    0.00000039    0.00000039
    12    0.00186353    0.00030369    0.00853448    0.00014656    0.00014659
    13    0.00083246    0.00012060    0.00266806    0.00006735    0.00006739
    14    0.00631203    0.00152245    0.02118682    0.00059715    0.00059780
    15    0.01340829    0.01418070    0.00981750    0.00138509    0.00138540
    16    0.09908213    0.04049659    0.08885501    0.00799063    0.00799245
    17    0.09707151    0.00772494    0.10410025    0.04560928    0.00249527
    18    1.48111253    0.86060646    0.10409535    0.00249544    0.04561102
    19    0.10421596    0.00249254    1.45514216    0.87544206    0.00813457
    20    0.00249256    0.00139912    0.00777963    0.00363738    0.00013011
    21    4.23311817    0.04275779    1.45498960    0.00813632    0.87544517
    22    0.04275779    0.98448024    0.00778087    0.00013011    0.00363753
    23    1.45498960    0.00778087    4.23325237    0.04461781    0.04461623
    24    0.00813632    0.00013011    0.04461781    0.99526455    0.00133563
    25    0.87544517    0.00363753    0.04461623    0.00133563    0.99526891
    26    0.04482816    0.00122477    0.87704209    0.00359730    0.00359706
            26      
     1    0.00001558
     2    0.00001220
     3    0.00000211
     4    0.00000464
     5    0.00000211
     6    0.00001218
     7    0.00000043
     8    0.00000045
     9    0.00000012
    10    0.00000044
    11    0.00000043
    12    0.00021415
    13    0.00006506
    14    0.00053294
    15    0.00046572
    16    0.00230853
    17    0.00812379
    18    0.00812210
    19    0.04482913
    20    0.00122483
    21    0.04482816
    22    0.00122477
    23    0.87704209
    24    0.00359730
    25    0.00359706
    26    0.99622631
 
 Localization index:
    1(C ):  3.832    2(C ):  4.071    3(C ):  4.085    4(C ):  4.082
    5(C ):  4.085    6(C ):  4.071    7(H ):  0.275    8(H ):  0.288
    9(H ):  0.289   10(H ):  0.288   11(H ):  0.275   12(C ):  3.947
   13(C ):  3.948   14(C ):  3.948   15(C ):  3.947   16(C ):  3.832
   17(C ):  4.071   18(C ):  4.071   19(C ):  4.085   20(H ):  0.275
   21(C ):  4.085   22(H ):  0.275   23(C ):  4.082   24(H ):  0.288
   25(H ):  0.288   26(H ):  0.289
 
