 ********************* Total delocalization index matrix *********************
             1             2             3             4             5      
     1    4.42286015    1.35009113    0.09909318    0.08864107    0.09908394
     2    1.35009113    4.21308011    1.48148119    0.10409765    0.09689021
     3    0.09909318    1.48148119    4.23316247    1.45480245    0.10407596
     4    0.08864107    0.10409765    1.45480245    4.23344256    1.45467281
     5    0.09908394    0.09689021    0.10407596    1.45467281    4.23313676
     6    1.34989980    0.08919255    0.09690748    0.10410290    1.48161753
     7    0.04047758    0.86007570    0.04276513    0.00778187    0.00248961
     8    0.00799546    0.04561552    0.87536921    0.04460368    0.00813458
     9    0.00230395    0.00811855    0.04481740    0.87700098    0.04481455
    10    0.00799671    0.00249183    0.00813364    0.04460008    0.87536036
    11    0.04046813    0.00772274    0.00248985    0.00778256    0.04276299
    12    1.21002774    0.10067097    0.01345445    0.00975530    0.01345655
    13    0.10103505    0.04471323    0.00629670    0.02089988    0.00630119
    14    0.00987940    0.00474969    0.00085594    0.00261909    0.00085616
    15    0.01175525    0.01226944    0.00184387    0.00824310    0.00184482
    16    0.00107263    0.00097495    0.00016206    0.00067651    0.00016205
    17    0.00097525    0.00123415    0.00019122    0.00096948    0.00019062
    18    0.00097473    0.00123048    0.00019077    0.00096989    0.00019109
    19    0.00016203    0.00019114    0.00003153    0.00015229    0.00003090
    20    0.00002341    0.00002879    0.00000452    0.00002248    0.00000455
    21    0.00016208    0.00019083    0.00003093    0.00015250    0.00003153
    22    0.00002340    0.00002913    0.00000455    0.00002241    0.00000451
    23    0.00067651    0.00097020    0.00015250    0.00083524    0.00015228
    24    0.00001242    0.00001309    0.00000214    0.00000861    0.00000200
    25    0.00001246    0.00001271    0.00000201    0.00000875    0.00000215
    26    0.00001687    0.00002426    0.00000381    0.00002098    0.00000381
             6             7             8             9            10      
     1    1.34989980    0.04047758    0.00799546    0.00230395    0.00799671
     2    0.08919255    0.86007570    0.04561552    0.00811855    0.00249183
     3    0.09690748    0.04276513    0.87536921    0.04481740    0.00813364
     4    0.10410290    0.00778187    0.04460368    0.87700098    0.04460008
     5    1.48161753    0.00248961    0.00813458    0.04481455    0.87536036
     6    4.21310876    0.00772572    0.00249232    0.00811753    0.04561735
     7    0.00772572    0.98389777    0.00363954    0.00122465    0.00013013
     8    0.00249232    0.00363954    0.99517912    0.00359617    0.00133551
     9    0.00811753    0.00122465    0.00359617    0.99617136    0.00359553
    10    0.04561735    0.00013013    0.00133551    0.00359553    0.99516916
    11    0.86006221    0.00139987    0.00013006    0.00122465    0.00363943
    12    0.10072740    0.01413192    0.00138706    0.00046391    0.00138743
    13    0.04472934    0.00151718    0.00060416    0.00052606    0.00060522
    14    0.00475021    0.00011994    0.00006937    0.00006416    0.00006946
    15    0.01226956    0.00030356    0.00015395    0.00020721    0.00015424
    16    0.00097503    0.00002341    0.00001244    0.00001687    0.00001244
    17    0.00122954    0.00002874    0.00001320    0.00002424    0.00001264
    18    0.00123345    0.00002913    0.00001270    0.00002426    0.00001310
    19    0.00019056    0.00000451    0.00000215    0.00000381    0.00000201
    20    0.00002917    0.00000068    0.00000034    0.00000056    0.00000034
    21    0.00019117    0.00000455    0.00000201    0.00000381    0.00000214
    22    0.00002873    0.00000068    0.00000034    0.00000055    0.00000034
    23    0.00096916    0.00002242    0.00000874    0.00002098    0.00000862
    24    0.00001262    0.00000034    0.00000021    0.00000022    0.00000021
    25    0.00001321    0.00000034    0.00000020    0.00000022    0.00000021
    26    0.00002424    0.00000055    0.00000022    0.00000052    0.00000022
            11            12            13            14            15      
     1    0.04046813    1.21002774    0.10103505    0.00987940    0.01175525
     2    0.00772274    0.10067097    0.04471323    0.00474969    0.01226944
     3    0.00248985    0.01345445    0.00629670    0.00085594    0.00184387
     4    0.00778256    0.00975530    0.02089988    0.00261909    0.00824310
     5    0.04276299    0.01345655    0.00630119    0.00085616    0.00184482
     6    0.86006221    0.10072740    0.04472934    0.00475021    0.01226956
     7    0.00139987    0.01413192    0.00151718    0.00011994    0.00030356
     8    0.00013006    0.00138706    0.00060416    0.00006937    0.00015395
     9    0.00122465    0.00046391    0.00052606    0.00006416    0.00020721
    10    0.00363943    0.00138743    0.00060522    0.00006946    0.00015424
    11    0.98389562    0.01415288    0.00152146    0.00011995    0.00030338
    12    0.01415288    4.23013580    2.41787380    0.12705112    0.15624703
    13    0.00152146    2.41787380    4.19369066    1.39586293    0.12705112
    14    0.00011995    0.12705112    1.39586293    4.19369066    2.41787406
    15    0.00030338    0.15624703    0.12705112    2.41787406    4.23013539
    16    0.00002340    0.01175525    0.00987939    0.10103502    1.21002722
    17    0.00002916    0.01227200    0.00475075    0.04473102    0.10069916
    18    0.00002877    0.01226694    0.00474914    0.04471143    0.10069907
    19    0.00000455    0.00184454    0.00085617    0.00629998    0.01345667
    20    0.00000068    0.00030346    0.00011995    0.00151942    0.01414008
    21    0.00000452    0.00184414    0.00085593    0.00629790    0.01345434
    22    0.00000068    0.00030348    0.00011994    0.00151920    0.01414461
    23    0.00002247    0.00824305    0.00261908    0.02089978    0.00975526
    24    0.00000034    0.00015404    0.00006942    0.00060467    0.00138720
    25    0.00000034    0.00015415    0.00006941    0.00060470    0.00138729
    26    0.00000055    0.00020721    0.00006416    0.00052606    0.00046391
            16            17            18            19            20      
     1    0.00107263    0.00097525    0.00097473    0.00016203    0.00002341
     2    0.00097495    0.00123415    0.00123048    0.00019114    0.00002879
     3    0.00016206    0.00019122    0.00019077    0.00003153    0.00000452
     4    0.00067651    0.00096948    0.00096989    0.00015229    0.00002248
     5    0.00016205    0.00019062    0.00019109    0.00003090    0.00000455
     6    0.00097503    0.00122954    0.00123345    0.00019056    0.00002917
     7    0.00002341    0.00002874    0.00002913    0.00000451    0.00000068
     8    0.00001244    0.00001320    0.00001270    0.00000215    0.00000034
     9    0.00001687    0.00002424    0.00002426    0.00000381    0.00000056
    10    0.00001244    0.00001264    0.00001310    0.00000201    0.00000034
    11    0.00002340    0.00002916    0.00002877    0.00000455    0.00000068
    12    0.01175525    0.01227200    0.01226694    0.00184454    0.00030346
    13    0.00987939    0.00475075    0.00474914    0.00085617    0.00011995
    14    0.10103502    0.04473102    0.04471143    0.00629998    0.00151942
    15    1.21002722    0.10069916    0.10069907    0.01345667    0.01414008
    16    4.42286013    1.35011353    1.34987825    0.09908867    0.04047469
    17    1.35011353    4.21311002    0.08919256    1.48142909    0.86007565
    18    1.34987825    0.08919256    4.21307821    0.09690006    0.00772581
    19    0.09908867    1.48142909    0.09690006    4.23314570    0.04276316
    20    0.04047469    0.86007565    0.00772581    0.04276316    0.98390211
    21    0.09908852    0.09689802    1.48166794    0.10407607    0.00248965
    22    0.04047096    0.00772264    0.86006242    0.00248983    0.00139987
    23    0.08864081    0.10410032    0.10410011    1.45485414    0.00778084
    24    0.00799449    0.04561566    0.00249217    0.87536180    0.00363933
    25    0.00799764    0.00249198    0.04561723    0.00813266    0.00013011
    26    0.00230394    0.00811940    0.00811672    0.04481740    0.00122460
            21            22            23            24            25      
     1    0.00016208    0.00002340    0.00067651    0.00001242    0.00001246
     2    0.00019083    0.00002913    0.00097020    0.00001309    0.00001271
     3    0.00003093    0.00000455    0.00015250    0.00000214    0.00000201
     4    0.00015250    0.00002241    0.00083524    0.00000861    0.00000875
     5    0.00003153    0.00000451    0.00015228    0.00000200    0.00000215
     6    0.00019117    0.00002873    0.00096916    0.00001262    0.00001321
     7    0.00000455    0.00000068    0.00002242    0.00000034    0.00000034
     8    0.00000201    0.00000034    0.00000874    0.00000021    0.00000020
     9    0.00000381    0.00000055    0.00002098    0.00000022    0.00000022
    10    0.00000214    0.00000034    0.00000862    0.00000021    0.00000021
    11    0.00000452    0.00000068    0.00002247    0.00000034    0.00000034
    12    0.00184414    0.00030348    0.00824305    0.00015404    0.00015415
    13    0.00085593    0.00011994    0.00261908    0.00006942    0.00006941
    14    0.00629790    0.00151920    0.02089978    0.00060467    0.00060470
    15    0.01345434    0.01414461    0.00975526    0.00138720    0.00138729
    16    0.09908852    0.04047096    0.08864081    0.00799449    0.00799764
    17    0.09689802    0.00772264    0.10410032    0.04561566    0.00249198
    18    1.48166794    0.86006242    0.10410011    0.00249217    0.04561723
    19    0.10407607    0.00248983    1.45485414    0.87536180    0.00813266
    20    0.00248965    0.00139987    0.00778084    0.00363933    0.00013011
    21    4.23315371    0.04276498    1.45462222    0.00813558    0.87536780
    22    0.04276498    0.98389118    0.00778353    0.00013008    0.00363962
    23    1.45462222    0.00778353    4.23344280    0.04460253    0.04460121
    24    0.00813558    0.00013008    0.04460253    0.99517077    0.00133552
    25    0.87536780    0.00363962    0.04460121    0.00133552    0.99517756
    26    0.04481457    0.00122470    0.87700081    0.00359610    0.00359561
            26      
     1    0.00001687
     2    0.00002426
     3    0.00000381
     4    0.00002098
     5    0.00000381
     6    0.00002424
     7    0.00000055
     8    0.00000022
     9    0.00000052
    10    0.00000022
    11    0.00000055
    12    0.00020721
    13    0.00006416
    14    0.00052606
    15    0.00046391
    16    0.00230394
    17    0.00811940
    18    0.00811672
    19    0.04481740
    20    0.00122460
    21    0.04481457
    22    0.00122470
    23    0.87700081
    24    0.00359610
    25    0.00359561
    26    0.99617124
 
 Localization index:
    1(C ):  3.832    2(C ):  4.070    3(C ):  4.085    4(C ):  4.083
    5(C ):  4.085    6(C ):  4.070    7(H ):  0.275    8(H ):  0.288
    9(H ):  0.289   10(H ):  0.288   11(H ):  0.275   12(C ):  3.947
   13(C ):  3.948   14(C ):  3.948   15(C ):  3.947   16(C ):  3.832
   17(C ):  4.070   18(C ):  4.070   19(C ):  4.085   20(H ):  0.275
   21(C ):  4.085   22(H ):  0.275   23(C ):  4.083   24(H ):  0.288
   25(H ):  0.288   26(H ):  0.289
 
