 ********************* Total delocalization index matrix *********************
             1             2             3             4             5      
     1    4.42276414    1.34960811    0.09905420    0.08850039    0.09904663
     2    1.34960811    4.21299414    1.48170870    0.10406790    0.09685891
     3    0.09905420    1.48170870    4.23325004    1.45463114    0.10407686
     4    0.08850039    0.10406790    1.45463114    4.23338651    1.45464434
     5    0.09904663    0.09685891    0.10407686    1.45464434    4.23323232
     6    1.34962237    0.08915867    0.09687065    0.10407592    1.48170074
     7    0.04044014    0.85999995    0.04276685    0.00778158    0.00248925
     8    0.00799643    0.04561883    0.87538112    0.04459847    0.00813441
     9    0.00230149    0.00811596    0.04481493    0.87696089    0.04480981
    10    0.00799627    0.00249175    0.00813552    0.04459375    0.87538983
    11    0.04044524    0.00772442    0.00248973    0.00778219    0.04276397
    12    1.21069890    0.10069380    0.01347671    0.00973538    0.01347527
    13    0.10105512    0.04464474    0.00629416    0.02079834    0.00629334
    14    0.01000240    0.00474099    0.00086422    0.00260178    0.00086413
    15    0.01177001    0.01219009    0.00183727    0.00814098    0.00183738
    16    0.00112538    0.00099135    0.00016851    0.00069245    0.00016852
    17    0.00099138    0.00135481    0.00020845    0.00113838    0.00020879
    18    0.00099125    0.00135900    0.00020898    0.00113887    0.00020833
    19    0.00016853    0.00020836    0.00003379    0.00017621    0.00003445
    20    0.00002349    0.00003037    0.00000474    0.00002429    0.00000469
    21    0.00016850    0.00020898    0.00003448    0.00017639    0.00003378
    22    0.00002347    0.00002987    0.00000469    0.00002422    0.00000473
    23    0.00069242    0.00113893    0.00017640    0.00106489    0.00017619
    24    0.00001235    0.00001027    0.00000169    0.00000548    0.00000185
    25    0.00001235    0.00001090    0.00000186    0.00000559    0.00000171
    26    0.00001732    0.00002848    0.00000441    0.00002671    0.00000440
             6             7             8             9            10      
     1    1.34962237    0.04044014    0.00799643    0.00230149    0.00799627
     2    0.08915867    0.85999995    0.04561883    0.00811596    0.00249175
     3    0.09687065    0.04276685    0.87538112    0.04481493    0.00813552
     4    0.10407592    0.00778158    0.04459847    0.87696089    0.04459375
     5    1.48170074    0.00248925    0.00813441    0.04480981    0.87538983
     6    4.21300326    0.00772465    0.00249235    0.00811698    0.04561993
     7    0.00772465    0.98379749    0.00364037    0.00122423    0.00013014
     8    0.00249235    0.00364037    0.99518961    0.00359558    0.00133560
     9    0.00811698    0.00122423    0.00359558    0.99612755    0.00359459
    10    0.04561993    0.00013014    0.00133560    0.00359459    0.99519340
    11    0.85998913    0.00140029    0.00012999    0.00122488    0.00364046
    12    0.10068788    0.01413790    0.00138823    0.00046397    0.00138782
    13    0.04464163    0.00151927    0.00060732    0.00052367    0.00060708
    14    0.00474135    0.00011966    0.00007013    0.00006385    0.00007011
    15    0.01219149    0.00030327    0.00015670    0.00020479    0.00015676
    16    0.00099132    0.00002348    0.00001235    0.00001732    0.00001235
    17    0.00135820    0.00003032    0.00001037    0.00002846    0.00001083
    18    0.00135460    0.00002987    0.00001090    0.00002848    0.00001027
    19    0.00020879    0.00000473    0.00000171    0.00000440    0.00000185
    20    0.00002993    0.00000070    0.00000032    0.00000060    0.00000032
    21    0.00020842    0.00000469    0.00000186    0.00000441    0.00000169
    22    0.00003031    0.00000069    0.00000033    0.00000060    0.00000032
    23    0.00113827    0.00002422    0.00000559    0.00002671    0.00000548
    24    0.00001083    0.00000032    0.00000026    0.00000014    0.00000026
    25    0.00001037    0.00000033    0.00000026    0.00000015    0.00000025
    26    0.00002846    0.00000060    0.00000015    0.00000066    0.00000014
            11            12            13            14            15      
     1    0.04044524    1.21069890    0.10105512    0.01000240    0.01177001
     2    0.00772442    0.10069380    0.04464474    0.00474099    0.01219009
     3    0.00248973    0.01347671    0.00629416    0.00086422    0.00183727
     4    0.00778219    0.00973538    0.02079834    0.00260178    0.00814098
     5    0.04276397    0.01347527    0.00629334    0.00086413    0.00183738
     6    0.85998913    0.10068788    0.04464163    0.00474135    0.01219149
     7    0.00140029    0.01413790    0.00151927    0.00011966    0.00030327
     8    0.00012999    0.00138823    0.00060732    0.00007013    0.00015670
     9    0.00122488    0.00046397    0.00052367    0.00006385    0.00020479
    10    0.00364046    0.00138782    0.00060708    0.00007011    0.00015676
    11    0.98379322    0.01414042    0.00151924    0.00011972    0.00030339
    12    0.01414042    4.23019538    2.41731924    0.12710434    0.15639502
    13    0.00151924    2.41731924    4.19370103    1.39651558    0.12710457
    14    0.00011972    0.12710434    1.39651558    4.19370095    2.41732326
    15    0.00030339    0.15639502    0.12710457    2.41732326    4.23018957
    16    0.00002349    0.01176981    0.01000224    0.10105433    1.21068981
    17    0.00002993    0.01219197    0.00474159    0.04464374    0.10069869
    18    0.00003037    0.01218876    0.00474048    0.04464041    0.10068170
    19    0.00000470    0.00183749    0.00086417    0.00629372    0.01347624
    20    0.00000069    0.00030337    0.00011971    0.00151916    0.01414110
    21    0.00000474    0.00183703    0.00086414    0.00629352    0.01347604
    22    0.00000070    0.00030324    0.00011966    0.00151912    0.01413590
    23    0.00002429    0.00814057    0.00260166    0.02079741    0.00973508
    24    0.00000032    0.00015678    0.00007012    0.00060710    0.00138789
    25    0.00000032    0.00015667    0.00007013    0.00060726    0.00138816
    26    0.00000060    0.00020478    0.00006385    0.00052365    0.00046397
            16            17            18            19            20      
     1    0.00112538    0.00099138    0.00099125    0.00016853    0.00002349
     2    0.00099135    0.00135481    0.00135900    0.00020836    0.00003037
     3    0.00016851    0.00020845    0.00020898    0.00003379    0.00000474
     4    0.00069245    0.00113838    0.00113887    0.00017621    0.00002429
     5    0.00016852    0.00020879    0.00020833    0.00003445    0.00000469
     6    0.00099132    0.00135820    0.00135460    0.00020879    0.00002993
     7    0.00002348    0.00003032    0.00002987    0.00000473    0.00000070
     8    0.00001235    0.00001037    0.00001090    0.00000171    0.00000032
     9    0.00001732    0.00002846    0.00002848    0.00000440    0.00000060
    10    0.00001235    0.00001083    0.00001027    0.00000185    0.00000032
    11    0.00002349    0.00002993    0.00003037    0.00000470    0.00000069
    12    0.01176981    0.01219197    0.01218876    0.00183749    0.00030337
    13    0.01000224    0.00474159    0.00474048    0.00086417    0.00011971
    14    0.10105433    0.04464374    0.04464041    0.00629372    0.00151916
    15    1.21068981    0.10069869    0.10068170    0.01347624    0.01414110
    16    4.42276214    1.34963729    1.34960320    0.09904885    0.04044233
    17    1.34963729    4.21300116    0.08915888    1.48167229    0.85999073
    18    1.34960320    0.08915888    4.21299648    0.09686200    0.00772450
    19    0.09904885    1.48167229    0.09686200    4.23323569    0.04276454
    20    0.04044233    0.85999073    0.00772450    0.04276454    0.98379207
    21    0.09905300    0.09686995    1.48172791    0.10407788    0.00248971
    22    0.04044190    0.00772463    0.86000019    0.00248934    0.00140031
    23    0.08849908    0.10407191    0.10407017    1.45466572    0.00778141
    24    0.00799589    0.04562017    0.00249187    0.87539105    0.00364032
    25    0.00799645    0.00249228    0.04561952    0.00813438    0.00013001
    26    0.00230145    0.00811713    0.00811595    0.04481051    0.00122470
            21            22            23            24            25      
     1    0.00016850    0.00002347    0.00069242    0.00001235    0.00001235
     2    0.00020898    0.00002987    0.00113893    0.00001027    0.00001090
     3    0.00003448    0.00000469    0.00017640    0.00000169    0.00000186
     4    0.00017639    0.00002422    0.00106489    0.00000548    0.00000559
     5    0.00003378    0.00000473    0.00017619    0.00000185    0.00000171
     6    0.00020842    0.00003031    0.00113827    0.00001083    0.00001037
     7    0.00000469    0.00000069    0.00002422    0.00000032    0.00000033
     8    0.00000186    0.00000033    0.00000559    0.00000026    0.00000026
     9    0.00000441    0.00000060    0.00002671    0.00000014    0.00000015
    10    0.00000169    0.00000032    0.00000548    0.00000026    0.00000025
    11    0.00000474    0.00000070    0.00002429    0.00000032    0.00000032
    12    0.00183703    0.00030324    0.00814057    0.00015678    0.00015667
    13    0.00086414    0.00011966    0.00260166    0.00007012    0.00007013
    14    0.00629352    0.00151912    0.02079741    0.00060710    0.00060726
    15    0.01347604    0.01413590    0.00973508    0.00138789    0.00138816
    16    0.09905300    0.04044190    0.08849908    0.00799589    0.00799645
    17    0.09686995    0.00772463    0.10407191    0.04562017    0.00249228
    18    1.48172791    0.86000019    0.10407017    0.00249187    0.04561952
    19    0.10407788    0.00248934    1.45466572    0.87539105    0.00813438
    20    0.00248971    0.00140031    0.00778141    0.00364032    0.00013001
    21    4.23324711    0.04276745    1.45461265    0.00813571    0.87538010
    22    0.04276745    0.98379870    0.00778195    0.00013011    0.00364063
    23    1.45461265    0.00778195    4.23338323    0.04459433    0.04459693
    24    0.00813571    0.00013011    0.04459433    0.99519544    0.00133564
    25    0.87538010    0.00364063    0.04459693    0.00133564    0.99518756
    26    0.04481409    0.00122434    0.87696099    0.00359467    0.00359530
            26      
     1    0.00001732
     2    0.00002848
     3    0.00000441
     4    0.00002671
     5    0.00000440
     6    0.00002846
     7    0.00000060
     8    0.00000015
     9    0.00000066
    10    0.00000014
    11    0.00000060
    12    0.00020478
    13    0.00006385
    14    0.00052365
    15    0.00046397
    16    0.00230145
    17    0.00811713
    18    0.00811595
    19    0.04481051
    20    0.00122470
    21    0.04481409
    22    0.00122434
    23    0.87696099
    24    0.00359467
    25    0.00359530
    26    0.99612730
 
 Localization index:
    1(C ):  3.832    2(C ):  4.070    3(C ):  4.085    4(C ):  4.083
    5(C ):  4.085    6(C ):  4.070    7(H ):  0.275    8(H ):  0.288
    9(H ):  0.289   10(H ):  0.288   11(H ):  0.275   12(C ):  3.947
   13(C ):  3.948   14(C ):  3.948   15(C ):  3.947   16(C ):  3.832
   17(C ):  4.070   18(C ):  4.070   19(C ):  4.085   20(H ):  0.275
   21(C ):  4.085   22(H ):  0.275   23(C ):  4.083   24(H ):  0.288
   25(H ):  0.288   26(H ):  0.289
 
