 ********************* Total delocalization index matrix *********************
             1             2             3             4             5      
     1    4.42266032    1.35114556    0.09908262    0.08885298    0.09907862
     2    1.35114556    4.21386249    1.48104041    0.10409531    0.09707118
     3    0.09908262    1.48104041    4.23311681    1.45505131    0.10421733
     4    0.08885298    0.10409531    1.45505131    4.23325479    1.45509353
     5    0.09907862    0.09707118    0.10421733    1.45509353    4.23310909
     6    1.35113651    0.08942983    0.09708081    0.10409885    1.48100487
     7    0.04050031    0.86060438    0.04275918    0.00778054    0.00249254
     8    0.00799151    0.04560974    0.87544470    0.04461799    0.00813497
     9    0.00230847    0.00812251    0.04483018    0.87704103    0.04482749
    10    0.00799099    0.00249529    0.00813602    0.04461614    0.87544415
    11    0.04049646    0.00772584    0.00249270    0.00777937    0.04275744
    12    1.20809307    0.10076055    0.01340756    0.00981716    0.01340874
    13    0.10096537    0.04494302    0.00630912    0.02118558    0.00631262
    14    0.00952564    0.00477511    0.00083224    0.00266791    0.00083245
    15    0.01171097    0.01249682    0.00186312    0.00853411    0.00186378
    16    0.00092094    0.00092781    0.00014337    0.00063039    0.00014337
    17    0.00092799    0.00087595    0.00014030    0.00048592    0.00014004
    18    0.00092791    0.00087409    0.00014010    0.00048628    0.00014032
    19    0.00014335    0.00014029    0.00002303    0.00008392    0.00002273
    20    0.00002316    0.00002552    0.00000401    0.00001728    0.00000402
    21    0.00014339    0.00014011    0.00002274    0.00008399    0.00002304
    22    0.00002316    0.00002570    0.00000402    0.00001727    0.00000401
    23    0.00063040    0.00048624    0.00008398    0.00017800    0.00008393
    24    0.00001267    0.00001962    0.00000295    0.00001763    0.00000289
    25    0.00001269    0.00001944    0.00000290    0.00001768    0.00000296
    26    0.00001558    0.00001217    0.00000211    0.00000461    0.00000210
             6             7             8             9            10      
     1    1.35113651    0.04050031    0.00799151    0.00230847    0.00799099
     2    0.08942983    0.86060438    0.04560974    0.00812251    0.00249529
     3    0.09708081    0.04275918    0.87544470    0.04483018    0.00813602
     4    0.10409885    0.00778054    0.04461799    0.87704103    0.04461614
     5    1.48100487    0.00249254    0.00813497    0.04482749    0.87544415
     6    4.21388477    0.00772618    0.00249558    0.00812374    0.04561003
     7    0.00772618    0.98447276    0.00363740    0.00122474    0.00013013
     8    0.00249558    0.00363740    0.99526786    0.00359738    0.00133564
     9    0.00812374    0.00122474    0.00359738    0.99622585    0.00359706
    10    0.04561003    0.00013013    0.00133564    0.00359706    0.99526616
    11    0.86061066    0.00139911    0.00013007    0.00122482    0.00363721
    12    0.10078490    0.01417202    0.00138523    0.00046574    0.00138527
    13    0.04496094    0.00151971    0.00059715    0.00053291    0.00059772
    14    0.00477612    0.00012061    0.00006734    0.00006505    0.00006739
    15    0.01249908    0.00030378    0.00014650    0.00021414    0.00014659
    16    0.00092809    0.00002316    0.00001268    0.00001558    0.00001267
    17    0.00087369    0.00002551    0.00001966    0.00001216    0.00001941
    18    0.00087612    0.00002570    0.00001944    0.00001217    0.00001962
    19    0.00014004    0.00000401    0.00000296    0.00000210    0.00000289
    20    0.00002570    0.00000063    0.00000039    0.00000043    0.00000039
    21    0.00014033    0.00000402    0.00000290    0.00000211    0.00000296
    22    0.00002551    0.00000063    0.00000039    0.00000043    0.00000039
    23    0.00048596    0.00001727    0.00001768    0.00000461    0.00001763
    24    0.00001941    0.00000039    0.00000006    0.00000045    0.00000006
    25    0.00001966    0.00000039    0.00000006    0.00000045    0.00000006
    26    0.00001216    0.00000043    0.00000045    0.00000012    0.00000045
            11            12            13            14            15      
     1    0.04049646    1.20809307    0.10096537    0.00952564    0.01171097
     2    0.00772584    0.10076055    0.04494302    0.00477511    0.01249682
     3    0.00249270    0.01340756    0.00630912    0.00083224    0.00186312
     4    0.00777937    0.00981716    0.02118558    0.00266791    0.00853411
     5    0.04275744    0.01340874    0.00631262    0.00083245    0.00186378
     6    0.86061066    0.10078490    0.04496094    0.00477612    0.01249908
     7    0.00139911    0.01417202    0.00151971    0.00012061    0.00030378
     8    0.00013007    0.00138523    0.00059715    0.00006734    0.00014650
     9    0.00122482    0.00046574    0.00053291    0.00006505    0.00021414
    10    0.00363721    0.00138527    0.00059772    0.00006739    0.00014659
    11    0.98448110    0.01417852    0.00152245    0.00012061    0.00030370
    12    0.01417852    4.23020203    2.41950989    0.12690370    0.15584746
    13    0.00152245    2.41950989    4.19370941    1.39399889    0.12690372
    14    0.00012061    0.12690370    1.39399889    4.19370955    2.41951116
    15    0.00030370    0.15584746    0.12690372    2.41951116    4.23020202
    16    0.00002316    0.01171089    0.00952559    0.10096497    1.20809049
    17    0.00002570    0.01249754    0.00477556    0.04495549    0.10077510
    18    0.00002552    0.01249815    0.00477559    0.04494784    0.10077100
    19    0.00000402    0.00186356    0.00083240    0.00631188    0.01340843
    20    0.00000063    0.00030368    0.00012060    0.00152200    0.01417603
    21    0.00000401    0.00186331    0.00083229    0.00630982    0.01340804
    22    0.00000063    0.00030379    0.00012062    0.00152014    0.01417457
    23    0.00001728    0.00853407    0.00266789    0.02118544    0.00981718
    24    0.00000039    0.00014657    0.00006738    0.00059768    0.00138534
    25    0.00000039    0.00014652    0.00006735    0.00059718    0.00138518
    26    0.00000043    0.00021414    0.00006505    0.00053290    0.00046574
            16            17            18            19            20      
     1    0.00092094    0.00092799    0.00092791    0.00014335    0.00002316
     2    0.00092781    0.00087595    0.00087409    0.00014029    0.00002552
     3    0.00014337    0.00014030    0.00014010    0.00002303    0.00000401
     4    0.00063039    0.00048592    0.00048628    0.00008392    0.00001728
     5    0.00014337    0.00014004    0.00014032    0.00002273    0.00000402
     6    0.00092809    0.00087369    0.00087612    0.00014004    0.00002570
     7    0.00002316    0.00002551    0.00002570    0.00000401    0.00000063
     8    0.00001268    0.00001966    0.00001944    0.00000296    0.00000039
     9    0.00001558    0.00001216    0.00001217    0.00000210    0.00000043
    10    0.00001267    0.00001941    0.00001962    0.00000289    0.00000039
    11    0.00002316    0.00002570    0.00002552    0.00000402    0.00000063
    12    0.01171089    0.01249754    0.01249815    0.00186356    0.00030368
    13    0.00952559    0.00477556    0.00477559    0.00083240    0.00012060
    14    0.10096497    0.04495549    0.04494784    0.00631188    0.00152200
    15    1.20809049    0.10077510    0.10077100    0.01340843    0.01417603
    16    4.42266016    1.35111999    1.35116389    0.09908219    0.04049681
    17    1.35111999    4.21387985    0.08942919    1.48103916    0.86061262
    18    1.35116389    0.08942919    4.21386734    0.09707439    0.00772575
    19    0.09908219    1.48103916    0.09707439    4.23311351    0.04275797
    20    0.04049681    0.86061262    0.00772575    0.04275797    0.98448135
    21    0.09908010    0.09707739    1.48100579    0.10421688    0.00249260
    22    0.04049965    0.00772621    0.86060227    0.00249262    0.00139909
    23    0.08885337    0.10409681    0.10409772    1.45505611    0.00777989
    24    0.00799148    0.04560998    0.00249538    0.87544430    0.00363731
    25    0.00799103    0.00249547    0.04560983    0.00813564    0.00013011
    26    0.00230849    0.00812302    0.00812326    0.04482866    0.00122475
            21            22            23            24            25      
     1    0.00014339    0.00002316    0.00063040    0.00001267    0.00001269
     2    0.00014011    0.00002570    0.00048624    0.00001962    0.00001944
     3    0.00002274    0.00000402    0.00008398    0.00000295    0.00000290
     4    0.00008399    0.00001727    0.00017800    0.00001763    0.00001768
     5    0.00002304    0.00000401    0.00008393    0.00000289    0.00000296
     6    0.00014033    0.00002551    0.00048596    0.00001941    0.00001966
     7    0.00000402    0.00000063    0.00001727    0.00000039    0.00000039
     8    0.00000290    0.00000039    0.00001768    0.00000006    0.00000006
     9    0.00000211    0.00000043    0.00000461    0.00000045    0.00000045
    10    0.00000296    0.00000039    0.00001763    0.00000006    0.00000006
    11    0.00000401    0.00000063    0.00001728    0.00000039    0.00000039
    12    0.00186331    0.00030379    0.00853407    0.00014657    0.00014652
    13    0.00083229    0.00012062    0.00266789    0.00006738    0.00006735
    14    0.00630982    0.00152014    0.02118544    0.00059768    0.00059718
    15    0.01340804    0.01417457    0.00981718    0.00138534    0.00138518
    16    0.09908010    0.04049965    0.08885337    0.00799148    0.00799103
    17    0.09707739    0.00772621    0.10409681    0.04560998    0.00249547
    18    1.48100579    0.86060227    0.10409772    0.00249538    0.04560983
    19    0.10421688    0.00249262    1.45505611    0.87544430    0.00813564
    20    0.00249260    0.00139909    0.00777989    0.00363731    0.00013011
    21    4.23311215    0.04275862    1.45508856    0.00813531    0.87544464
    22    0.04275862    0.98447196    0.00778001    0.00013010    0.00363730
    23    1.45508856    0.00778001    4.23325485    0.04461663    0.04461722
    24    0.00813531    0.00013010    0.04461663    0.99526687    0.00133562
    25    0.87544464    0.00363730    0.04461722    0.00133562    0.99526695
    26    0.04482922    0.00122483    0.87704094    0.00359725    0.00359720
            26      
     1    0.00001558
     2    0.00001217
     3    0.00000211
     4    0.00000461
     5    0.00000210
     6    0.00001216
     7    0.00000043
     8    0.00000045
     9    0.00000012
    10    0.00000045
    11    0.00000043
    12    0.00021414
    13    0.00006505
    14    0.00053290
    15    0.00046574
    16    0.00230849
    17    0.00812302
    18    0.00812326
    19    0.04482866
    20    0.00122475
    21    0.04482922
    22    0.00122483
    23    0.87704094
    24    0.00359725
    25    0.00359720
    26    0.99622603
 
 Localization index:
    1(C ):  3.832    2(C ):  4.071    3(C ):  4.085    4(C ):  4.082
    5(C ):  4.085    6(C ):  4.071    7(H ):  0.275    8(H ):  0.288
    9(H ):  0.289   10(H ):  0.288   11(H ):  0.275   12(C ):  3.947
   13(C ):  3.948   14(C ):  3.948   15(C ):  3.947   16(C ):  3.832
   17(C ):  4.071   18(C ):  4.071   19(C ):  4.085   20(H ):  0.275
   21(C ):  4.085   22(H ):  0.275   23(C ):  4.082   24(H ):  0.288
   25(H ):  0.288   26(H ):  0.289
 
