 ********************* Total delocalization index matrix *********************
             1             2             3             4             5      
     1    4.42280764    1.35037414    0.09908619    0.08872504    0.09907937
     2    1.35037414    4.21344012    1.48145929    0.10409814    0.09695093
     3    0.09908619    1.48145929    4.23311783    1.45477073    0.10411939
     4    0.08872504    0.10409814    1.45477073    4.23334143    1.45490120
     5    0.09907937    0.09695093    0.10411939    1.45490120    4.23310772
     6    1.35044043    0.08927409    0.09696035    0.10410260    1.48133524
     7    0.04049184    0.86036332    0.04276661    0.00778268    0.00249051
     8    0.00799541    0.04561890    0.87538058    0.04460606    0.00813336
     9    0.00230514    0.00812005    0.04481905    0.87702634    0.04482023
    10    0.00799375    0.00249296    0.00813516    0.04460581    0.87537481
    11    0.04048746    0.00772502    0.00249059    0.00778053    0.04276428
    12    1.20933657    0.10064872    0.01342976    0.00977441    0.01343276
    13    0.10101150    0.04479970    0.00630158    0.02100770    0.00630612
    14    0.00974989    0.00475921    0.00084727    0.00263749    0.00084760
    15    0.01173981    0.01235321    0.00185115    0.00835170    0.00185219
    16    0.00101696    0.00095769    0.00015521    0.00065971    0.00015521
    17    0.00095791    0.00110234    0.00017247    0.00079133    0.00017196
    18    0.00095798    0.00109972    0.00017219    0.00079232    0.00017250
    19    0.00015518    0.00017243    0.00002842    0.00012709    0.00002787
    20    0.00002332    0.00002757    0.00000433    0.00002056    0.00000436
    21    0.00015524    0.00017217    0.00002790    0.00012730    0.00002843
    22    0.00002332    0.00002788    0.00000435    0.00002052    0.00000433
    23    0.00065973    0.00079214    0.00012729    0.00059322    0.00012711
    24    0.00001252    0.00001551    0.00000244    0.00001194    0.00000233
    25    0.00001254    0.00001518    0.00000234    0.00001204    0.00000246
    26    0.00001640    0.00001981    0.00000318    0.00001495    0.00000318
             6             7             8             9            10      
     1    1.35044043    0.04049184    0.00799541    0.00230514    0.00799375
     2    0.08927409    0.86036332    0.04561890    0.00812005    0.00249296
     3    0.09696035    0.04276661    0.87538058    0.04481905    0.00813516
     4    0.10410260    0.00778268    0.04460606    0.87702634    0.04460581
     5    1.48133524    0.00249051    0.00813336    0.04482023    0.87537481
     6    4.21348327    0.00772441    0.00249313    0.00812195    0.04561780
     7    0.00772441    0.98417029    0.00363937    0.00122473    0.00013011
     8    0.00249313    0.00363937    0.99519789    0.00359614    0.00133563
     9    0.00812195    0.00122473    0.00359614    0.99620067    0.00359645
    10    0.04561780    0.00013011    0.00133563    0.00359645    0.99519115
    11    0.86037884    0.00139969    0.00013008    0.00122464    0.00363884
    12    0.10068682    0.01410457    0.00138607    0.00046372    0.00138620
    13    0.04482653    0.00151812    0.00060174    0.00052863    0.00060236
    14    0.00476114    0.00012020    0.00006864    0.00006450    0.00006869
    15    0.01235824    0.00030365    0.00015127    0.00020979    0.00015140
    16    0.00095817    0.00002332    0.00001254    0.00001640    0.00001252
    17    0.00109857    0.00002754    0.00001560    0.00001979    0.00001512
    18    0.00110293    0.00002789    0.00001519    0.00001982    0.00001551
    19    0.00017198    0.00000432    0.00000246    0.00000318    0.00000233
    20    0.00002790    0.00000066    0.00000036    0.00000051    0.00000035
    21    0.00017255    0.00000435    0.00000234    0.00000318    0.00000244
    22    0.00002755    0.00000066    0.00000036    0.00000051    0.00000036
    23    0.00079153    0.00002052    0.00001205    0.00001495    0.00001194
    24    0.00001513    0.00000036    0.00000015    0.00000030    0.00000015
    25    0.00001560    0.00000036    0.00000015    0.00000031    0.00000015
    26    0.00001980    0.00000051    0.00000031    0.00000037    0.00000030
            11            12            13            14            15      
     1    0.04048746    1.20933657    0.10101150    0.00974989    0.01173981
     2    0.00772502    0.10064872    0.04479970    0.00475921    0.01235321
     3    0.00249059    0.01342976    0.00630158    0.00084727    0.00185115
     4    0.00778053    0.00977441    0.02100770    0.00263749    0.00835170
     5    0.04276428    0.01343276    0.00630612    0.00084760    0.00185219
     6    0.86037884    0.10068682    0.04482653    0.00476114    0.01235824
     7    0.00139969    0.01410457    0.00151812    0.00012020    0.00030365
     8    0.00013008    0.00138607    0.00060174    0.00006864    0.00015127
     9    0.00122464    0.00046372    0.00052863    0.00006450    0.00020979
    10    0.00363884    0.00138620    0.00060236    0.00006869    0.00015140
    11    0.98418925    0.01411381    0.00152112    0.00012020    0.00030354
    12    0.01411381    4.22992964    2.41844269    0.12699653    0.15609947
    13    0.00152112    2.41844269    4.19370387    1.39519433    0.12699633
    14    0.00012020    0.12699653    1.39519433    4.19370375    2.41843869
    15    0.00030354    0.15609947    0.12699633    2.41843869    4.22993154
    16    0.00002332    0.01174002    0.00975005    0.10101240    1.20934525
    17    0.00002790    0.01235496    0.00476002    0.04481677    0.10067741
    18    0.00002758    0.01235731    0.00476060    0.04481169    0.10065761
    19    0.00000436    0.00185190    0.00084751    0.00630517    0.01343157
    20    0.00000066    0.00030351    0.00012019    0.00152100    0.01411405
    21    0.00000433    0.00185157    0.00084740    0.00630278    0.01343070
    22    0.00000066    0.00030369    0.00012021    0.00151824    0.01410397
    23    0.00002057    0.00835207    0.00263760    0.02100853    0.00977457
    24    0.00000035    0.00015142    0.00006870    0.00060246    0.00138630
    25    0.00000036    0.00015126    0.00006863    0.00060167    0.00138594
    26    0.00000051    0.00020980    0.00006450    0.00052865    0.00046372
            16            17            18            19            20      
     1    0.00101696    0.00095791    0.00095798    0.00015518    0.00002332
     2    0.00095769    0.00110234    0.00109972    0.00017243    0.00002757
     3    0.00015521    0.00017247    0.00017219    0.00002842    0.00000433
     4    0.00065971    0.00079133    0.00079232    0.00012709    0.00002056
     5    0.00015521    0.00017196    0.00017250    0.00002787    0.00000436
     6    0.00095817    0.00109857    0.00110293    0.00017198    0.00002790
     7    0.00002332    0.00002754    0.00002789    0.00000432    0.00000066
     8    0.00001254    0.00001560    0.00001519    0.00000246    0.00000036
     9    0.00001640    0.00001979    0.00001982    0.00000318    0.00000051
    10    0.00001252    0.00001512    0.00001551    0.00000233    0.00000035
    11    0.00002332    0.00002790    0.00002758    0.00000436    0.00000066
    12    0.01174002    0.01235496    0.01235731    0.00185190    0.00030351
    13    0.00975005    0.00476002    0.00476060    0.00084751    0.00012019
    14    0.10101240    0.04481677    0.04481169    0.00630517    0.00152100
    15    1.20934525    0.10067741    0.10065761    0.01343157    0.01411405
    16    4.42280785    1.35032417    1.35048171    0.09908075    0.04048709
    17    1.35032417    4.21347836    0.08927460    1.48147499    0.86037702
    18    1.35048171    0.08927460    4.21344722    0.09695150    0.00772379
    19    0.09908075    1.48147499    0.09695150    4.23310925    0.04276532
    20    0.04048709    0.86037702    0.00772379    0.04276532    0.98418907
    21    0.09908330    0.09695848    1.48132752    0.10411964    0.00249054
    22    0.04049233    0.00772570    0.86036505    0.00249054    0.00139973
    23    0.08872534    0.10410155    0.10409907    1.45476142    0.00778229
    24    0.00799544    0.04561894    0.00249294    0.87537458    0.00363922
    25    0.00799381    0.00249312    0.04561837    0.00813522    0.00013011
    26    0.00230514    0.00812008    0.00812182    0.04481952    0.00122462
            21            22            23            24            25      
     1    0.00015524    0.00002332    0.00065973    0.00001252    0.00001254
     2    0.00017217    0.00002788    0.00079214    0.00001551    0.00001518
     3    0.00002790    0.00000435    0.00012729    0.00000244    0.00000234
     4    0.00012730    0.00002052    0.00059322    0.00001194    0.00001204
     5    0.00002843    0.00000433    0.00012711    0.00000233    0.00000246
     6    0.00017255    0.00002755    0.00079153    0.00001513    0.00001560
     7    0.00000435    0.00000066    0.00002052    0.00000036    0.00000036
     8    0.00000234    0.00000036    0.00001205    0.00000015    0.00000015
     9    0.00000318    0.00000051    0.00001495    0.00000030    0.00000031
    10    0.00000244    0.00000036    0.00001194    0.00000015    0.00000015
    11    0.00000433    0.00000066    0.00002057    0.00000035    0.00000036
    12    0.00185157    0.00030369    0.00835207    0.00015142    0.00015126
    13    0.00084740    0.00012021    0.00263760    0.00006870    0.00006863
    14    0.00630278    0.00151824    0.02100853    0.00060246    0.00060167
    15    0.01343070    0.01410397    0.00977457    0.00138630    0.00138594
    16    0.09908330    0.04049233    0.08872534    0.00799544    0.00799381
    17    0.09695848    0.00772570    0.10410155    0.04561894    0.00249312
    18    1.48132752    0.86036505    0.10409907    0.00249294    0.04561837
    19    0.10411964    0.00249054    1.45476142    0.87537458    0.00813522
    20    0.00249054    0.00139973    0.00778229    0.00363922    0.00013011
    21    4.23311838    0.04276613    1.45490718    0.00813334    0.87538009
    22    0.04276613    0.98417115    0.00778104    0.00013009    0.00363919
    23    1.45490718    0.00778104    4.23334008    0.04460494    0.04460669
    24    0.00813334    0.00013009    0.04460494    0.99519146    0.00133565
    25    0.87538009    0.00363919    0.04460669    0.00133565    0.99519751
    26    0.04481947    0.00122475    0.87702675    0.00359623    0.00359629
            26      
     1    0.00001640
     2    0.00001981
     3    0.00000318
     4    0.00001495
     5    0.00000318
     6    0.00001980
     7    0.00000051
     8    0.00000031
     9    0.00000037
    10    0.00000030
    11    0.00000051
    12    0.00020980
    13    0.00006450
    14    0.00052865
    15    0.00046372
    16    0.00230514
    17    0.00812008
    18    0.00812182
    19    0.04481952
    20    0.00122462
    21    0.04481947
    22    0.00122475
    23    0.87702675
    24    0.00359623
    25    0.00359629
    26    0.99620066
 
 Localization index:
    1(C ):  3.832    2(C ):  4.070    3(C ):  4.085    4(C ):  4.083
    5(C ):  4.085    6(C ):  4.070    7(H ):  0.275    8(H ):  0.288
    9(H ):  0.289   10(H ):  0.288   11(H ):  0.275   12(C ):  3.947
   13(C ):  3.948   14(C ):  3.948   15(C ):  3.947   16(C ):  3.832
   17(C ):  4.070   18(C ):  4.070   19(C ):  4.085   20(H ):  0.275
   21(C ):  4.085   22(H ):  0.275   23(C ):  4.083   24(H ):  0.288
   25(H ):  0.288   26(H ):  0.289
 
