 ********************* Total delocalization index matrix *********************
             1             2             3             4             5      
     1    4.42264370    1.34933952    0.09899565    0.08839189    0.09899637
     2    1.34933952    4.21313565    1.48180812    0.10402751    0.09684760
     3    0.09899565    1.48180812    4.23336256    1.45458816    0.10414018
     4    0.08839189    0.10402751    1.45458816    4.23335871    1.45457885
     5    0.09899637    0.09684760    0.10414018    1.45457885    4.23336191
     6    1.34932028    0.08919041    0.09685018    0.10402530    1.48181647
     7    0.04041417    0.86007047    0.04276361    0.00778266    0.00248964
     8    0.00799768    0.04561908    0.87539395    0.04459953    0.00813591
     9    0.00229914    0.00811490    0.04480970    0.87691920    0.04480973
    10    0.00799770    0.00249246    0.00813601    0.04459901    0.87539484
    11    0.04041231    0.00772477    0.00248968    0.00778258    0.04276279
    12    1.21121796    0.10071179    0.01349290    0.00972253    0.01349394
    13    0.10106608    0.04458442    0.00628846    0.02072108    0.00628956
    14    0.01009837    0.00473445    0.00087042    0.00258849    0.00087049
    15    0.01178046    0.01212967    0.00183148    0.00806192    0.00183174
    16    0.00116653    0.00100407    0.00017356    0.00070491    0.00017355
    17    0.00100416    0.00145631    0.00022275    0.00127071    0.00022217
    18    0.00100407    0.00145262    0.00022227    0.00127100    0.00022271
    19    0.00017354    0.00022271    0.00003675    0.00019495    0.00003602
    20    0.00002355    0.00003082    0.00000483    0.00002569    0.00000488
    21    0.00017356    0.00022227    0.00003604    0.00019504    0.00003675
    22    0.00002355    0.00003128    0.00000488    0.00002567    0.00000483
    23    0.00070492    0.00127105    0.00019504    0.00124471    0.00019494
    24    0.00001228    0.00000906    0.00000163    0.00000306    0.00000146
    25    0.00001229    0.00000851    0.00000146    0.00000311    0.00000163
    26    0.00001767    0.00003178    0.00000487    0.00003119    0.00000487
             6             7             8             9            10      
     1    1.34932028    0.04041417    0.00799768    0.00229914    0.00799770
     2    0.08919041    0.86007047    0.04561908    0.00811490    0.00249246
     3    0.09685018    0.04276361    0.87539395    0.04480970    0.00813601
     4    0.10402530    0.00778266    0.04459953    0.87691920    0.04459901
     5    1.48181647    0.00248964    0.00813591    0.04480973    0.87539484
     6    4.21313893    0.00772528    0.00249256    0.00811473    0.04561946
     7    0.00772528    0.98386388    0.00364021    0.00122463    0.00013010
     8    0.00249256    0.00364021    0.99520443    0.00359508    0.00133535
     9    0.00811473    0.00122463    0.00359508    0.99608394    0.00359508
    10    0.04561946    0.00013010    0.00133535    0.00359508    0.99520533
    11    0.86006319    0.00140025    0.00013009    0.00122460    0.00364011
    12    0.10072718    0.01415564    0.00138900    0.00046438    0.00138908
    13    0.04458939    0.00152068    0.00060914    0.00052188    0.00060936
    14    0.00473473    0.00011953    0.00007068    0.00006361    0.00007070
    15    0.01213026    0.00030333    0.00015878    0.00020292    0.00015884
    16    0.00100414    0.00002355    0.00001229    0.00001767    0.00001228
    17    0.00145213    0.00003080    0.00000911    0.00003177    0.00000847
    18    0.00145623    0.00003128    0.00000850    0.00003178    0.00000906
    19    0.00022217    0.00000483    0.00000163    0.00000487    0.00000146
    20    0.00003129    0.00000070    0.00000031    0.00000063    0.00000030
    21    0.00022274    0.00000488    0.00000146    0.00000487    0.00000163
    22    0.00003080    0.00000071    0.00000031    0.00000063    0.00000031
    23    0.00127067    0.00002567    0.00000311    0.00003119    0.00000306
    24    0.00000847    0.00000031    0.00000030    0.00000008    0.00000030
    25    0.00000911    0.00000031    0.00000029    0.00000008    0.00000030
    26    0.00003177    0.00000063    0.00000008    0.00000077    0.00000008
            11            12            13            14            15      
     1    0.04041231    1.21121796    0.10106608    0.01009837    0.01178046
     2    0.00772477    0.10071179    0.04458442    0.00473445    0.01212967
     3    0.00248968    0.01349290    0.00628846    0.00087042    0.00183148
     4    0.00778258    0.00972253    0.02072108    0.00258849    0.00806192
     5    0.04276279    0.01349394    0.00628956    0.00087049    0.00183174
     6    0.86006319    0.10072718    0.04458939    0.00473473    0.01213026
     7    0.00140025    0.01415564    0.00152068    0.00011953    0.00030333
     8    0.00013009    0.00138900    0.00060914    0.00007068    0.00015878
     9    0.00122460    0.00046438    0.00052188    0.00006361    0.00020292
    10    0.00364011    0.00138908    0.00060936    0.00007070    0.00015884
    11    0.98386021    0.01416178    0.00152149    0.00011953    0.00030329
    12    0.01416178    4.23035930    2.41688449    0.12714576    0.15650974
    13    0.00152149    2.41688449    4.19372244    1.39702960    0.12714567
    14    0.00011953    0.12714576    1.39702960    4.19372251    2.41688349
    15    0.00030329    0.15650974    0.12714567    2.41688349    4.23036066
    16    0.00002355    0.01178051    0.01009840    0.10106624    1.21122015
    17    0.00003129    0.01213044    0.00473474    0.04458914    0.10072196
    18    0.00003082    0.01212973    0.00473451    0.04458533    0.10071757
    19    0.00000488    0.00183169    0.00087049    0.00628935    0.01349384
    20    0.00000071    0.00030330    0.00011953    0.00152122    0.01415980
    21    0.00000483    0.00183157    0.00087044    0.00628875    0.01349302
    22    0.00000070    0.00030333    0.00011953    0.00152097    0.01415770
    23    0.00002569    0.00806202    0.00258851    0.02072128    0.00972258
    24    0.00000030    0.00015881    0.00007069    0.00060929    0.00138905
    25    0.00000031    0.00015881    0.00007068    0.00060921    0.00138902
    26    0.00000063    0.00020292    0.00006361    0.00052188    0.00046438
            16            17            18            19            20      
     1    0.00116653    0.00100416    0.00100407    0.00017354    0.00002355
     2    0.00100407    0.00145631    0.00145262    0.00022271    0.00003082
     3    0.00017356    0.00022275    0.00022227    0.00003675    0.00000483
     4    0.00070491    0.00127071    0.00127100    0.00019495    0.00002569
     5    0.00017355    0.00022217    0.00022271    0.00003602    0.00000488
     6    0.00100414    0.00145213    0.00145623    0.00022217    0.00003129
     7    0.00002355    0.00003080    0.00003128    0.00000483    0.00000070
     8    0.00001229    0.00000911    0.00000850    0.00000163    0.00000031
     9    0.00001767    0.00003177    0.00003178    0.00000487    0.00000063
    10    0.00001228    0.00000847    0.00000906    0.00000146    0.00000030
    11    0.00002355    0.00003129    0.00003082    0.00000488    0.00000071
    12    0.01178051    0.01213044    0.01212973    0.00183169    0.00030330
    13    0.01009840    0.00473474    0.00473451    0.00087049    0.00011953
    14    0.10106624    0.04458914    0.04458533    0.00628935    0.00152122
    15    1.21122015    0.10072196    0.10071757    0.01349384    0.01415980
    16    4.42264428    1.34934141    1.34931666    0.09899705    0.04041324
    17    1.34934141    4.21313884    0.08919030    1.48180089    0.86006498
    18    1.34931666    0.08919030    4.21313583    0.09684885    0.00772513
    19    0.09899705    1.48180089    0.09684885    4.23336290    0.04276292
    20    0.04041324    0.86006498    0.00772513    0.04276292    0.98386110
    21    0.09899495    0.09684871    1.48182473    0.10414020    0.00248965
    22    0.04041317    0.00772493    0.86006840    0.00248967    0.00140025
    23    0.08839186    0.10402498    0.10402770    1.45459342    0.00778249
    24    0.00799751    0.04561932    0.00249250    0.87539493    0.00364014
    25    0.00799788    0.00249252    0.04561933    0.00813578    0.00013010
    26    0.00229913    0.00811486    0.00811475    0.04481000    0.00122460
            21            22            23            24            25      
     1    0.00017356    0.00002355    0.00070492    0.00001228    0.00001229
     2    0.00022227    0.00003128    0.00127105    0.00000906    0.00000851
     3    0.00003604    0.00000488    0.00019504    0.00000163    0.00000146
     4    0.00019504    0.00002567    0.00124471    0.00000306    0.00000311
     5    0.00003675    0.00000483    0.00019494    0.00000146    0.00000163
     6    0.00022274    0.00003080    0.00127067    0.00000847    0.00000911
     7    0.00000488    0.00000071    0.00002567    0.00000031    0.00000031
     8    0.00000146    0.00000031    0.00000311    0.00000030    0.00000029
     9    0.00000487    0.00000063    0.00003119    0.00000008    0.00000008
    10    0.00000163    0.00000031    0.00000306    0.00000030    0.00000030
    11    0.00000483    0.00000070    0.00002569    0.00000030    0.00000031
    12    0.00183157    0.00030333    0.00806202    0.00015881    0.00015881
    13    0.00087044    0.00011953    0.00258851    0.00007069    0.00007068
    14    0.00628875    0.00152097    0.02072128    0.00060929    0.00060921
    15    0.01349302    0.01415770    0.00972258    0.00138905    0.00138902
    16    0.09899495    0.04041317    0.08839186    0.00799751    0.00799788
    17    0.09684871    0.00772493    0.10402498    0.04561932    0.00249252
    18    1.48182473    0.86006840    0.10402770    0.00249250    0.04561933
    19    0.10414020    0.00248967    1.45459342    0.87539493    0.00813578
    20    0.00248965    0.00140025    0.00778249    0.00364014    0.00013010
    21    4.23336183    0.04276350    1.45457290    0.00813614    0.87539384
    22    0.04276350    0.98386279    0.00778276    0.00013009    0.00364021
    23    1.45457290    0.00778276    4.23335829    0.04459921    0.04459927
    24    0.00813614    0.00013009    0.04459921    0.99520541    0.00133535
    25    0.87539384    0.00364021    0.04459927    0.00133535    0.99520441
    26    0.04480937    0.00122463    0.87691927    0.00359512    0.00359502
            26      
     1    0.00001767
     2    0.00003178
     3    0.00000487
     4    0.00003119
     5    0.00000487
     6    0.00003177
     7    0.00000063
     8    0.00000008
     9    0.00000077
    10    0.00000008
    11    0.00000063
    12    0.00020292
    13    0.00006361
    14    0.00052188
    15    0.00046438
    16    0.00229913
    17    0.00811486
    18    0.00811475
    19    0.04481000
    20    0.00122460
    21    0.04480937
    22    0.00122463
    23    0.87691927
    24    0.00359512
    25    0.00359502
    26    0.99608391
 
 Localization index:
    1(C ):  3.832    2(C ):  4.070    3(C ):  4.085    4(C ):  4.083
    5(C ):  4.085    6(C ):  4.070    7(H ):  0.275    8(H ):  0.288
    9(H ):  0.289   10(H ):  0.288   11(H ):  0.275   12(C ):  3.947
   13(C ):  3.948   14(C ):  3.948   15(C ):  3.947   16(C ):  3.832
   17(C ):  4.070   18(C ):  4.070   19(C ):  4.085   20(H ):  0.275
   21(C ):  4.085   22(H ):  0.275   23(C ):  4.083   24(H ):  0.288
   25(H ):  0.288   26(H ):  0.289
 
