 ********************* Total delocalization index matrix *********************
             1             2             3             4             5      
     1    4.42277244    1.34960387    0.09905242    0.08850744    0.09905480
     2    1.34960387    4.21298607    1.48171934    0.10407507    0.09686256
     3    0.09905242    1.48171934    4.23323710    1.45462789    0.10407338
     4    0.08850744    0.10407507    1.45462789    4.23339809    1.45464491
     5    0.09905480    0.09686256    0.10407338    1.45464491    4.23323347
     6    1.34963509    0.08915514    0.09686266    0.10407250    1.48169627
     7    0.04044461    0.85999150    0.04276304    0.00778251    0.00248942
     8    0.00799721    0.04561623    0.87538581    0.04459926    0.00813452
     9    0.00230168    0.00811614    0.04481175    0.87696210    0.04481302
    10    0.00799676    0.00249196    0.00813484    0.04459915    0.87538392
    11    0.04044518    0.00772445    0.00248935    0.00778233    0.04276219
    12    1.21068508    0.10069288    0.01347515    0.00973623    0.01347623
    13    0.10105383    0.04464089    0.00629334    0.02080059    0.00629431
    14    0.01000032    0.00474121    0.00086399    0.00260216    0.00086410
    15    0.01176959    0.01219157    0.00183734    0.00814297    0.00183757
    16    0.00112448    0.00099097    0.00016844    0.00069219    0.00016839
    17    0.00099108    0.00135638    0.00020861    0.00113537    0.00020798
    18    0.00099099    0.00135316    0.00020821    0.00113625    0.00020857
    19    0.00016841    0.00020857    0.00003442    0.00017582    0.00003372
    20    0.00002348    0.00002990    0.00000469    0.00002425    0.00000473
    21    0.00016841    0.00020818    0.00003375    0.00017599    0.00003441
    22    0.00002349    0.00003032    0.00000473    0.00002421    0.00000469
    23    0.00069219    0.00113613    0.00017599    0.00106112    0.00017582
    24    0.00001236    0.00001087    0.00000186    0.00000555    0.00000170
    25    0.00001235    0.00001038    0.00000171    0.00000563    0.00000187
    26    0.00001731    0.00002841    0.00000440    0.00002661    0.00000439
             6             7             8             9            10      
     1    1.34963509    0.04044461    0.00799721    0.00230168    0.00799676
     2    0.08915514    0.85999150    0.04561623    0.00811614    0.00249196
     3    0.09686266    0.04276304    0.87538581    0.04481175    0.00813484
     4    0.10407250    0.00778251    0.04459926    0.87696210    0.04459915
     5    1.48169627    0.00248942    0.00813452    0.04481302    0.87538392
     6    4.21299573    0.00772406    0.00249195    0.00811610    0.04561619
     7    0.00772406    0.98379306    0.00363983    0.00122466    0.00013008
     8    0.00249195    0.00363983    0.99519188    0.00359538    0.00133542
     9    0.00811610    0.00122466    0.00359538    0.99612900    0.00359553
    10    0.04561619    0.00013008    0.00133542    0.00359553    0.99518988
    11    0.85998931    0.00140008    0.00013011    0.00122460    0.00363982
    12    0.10069452    0.01414096    0.00138807    0.00046396    0.00138817
    13    0.04464656    0.00151926    0.00060709    0.00052372    0.00060728
    14    0.00474131    0.00011972    0.00007010    0.00006386    0.00007013
    15    0.01219238    0.00030342    0.00015667    0.00020484    0.00015671
    16    0.00099111    0.00002348    0.00001237    0.00001731    0.00001235
    17    0.00135203    0.00002987    0.00001095    0.00002839    0.00001033
    18    0.00135660    0.00003031    0.00001039    0.00002841    0.00001086
    19    0.00020801    0.00000469    0.00000187    0.00000439    0.00000170
    20    0.00003033    0.00000069    0.00000033    0.00000060    0.00000032
    21    0.00020860    0.00000473    0.00000171    0.00000440    0.00000185
    22    0.00002987    0.00000070    0.00000032    0.00000060    0.00000033
    23    0.00113549    0.00002420    0.00000564    0.00002661    0.00000554
    24    0.00001034    0.00000033    0.00000026    0.00000014    0.00000026
    25    0.00001094    0.00000032    0.00000025    0.00000015    0.00000026
    26    0.00002839    0.00000060    0.00000015    0.00000066    0.00000014
            11            12            13            14            15      
     1    0.04044518    1.21068508    0.10105383    0.01000032    0.01176959
     2    0.00772445    0.10069288    0.04464089    0.00474121    0.01219157
     3    0.00248935    0.01347515    0.00629334    0.00086399    0.00183734
     4    0.00778233    0.00973623    0.02080059    0.00260216    0.00814297
     5    0.04276219    0.01347623    0.00629431    0.00086410    0.00183757
     6    0.85998931    0.10069452    0.04464656    0.00474131    0.01219238
     7    0.00140008    0.01414096    0.00151926    0.00011972    0.00030342
     8    0.00013011    0.00138807    0.00060709    0.00007010    0.00015667
     9    0.00122460    0.00046396    0.00052372    0.00006386    0.00020484
    10    0.00363982    0.00138817    0.00060728    0.00007013    0.00015671
    11    0.98379310    0.01414273    0.00151988    0.00011971    0.00030334
    12    0.01414273    4.23020479    2.41732799    0.12710358    0.15639342
    13    0.00151988    2.41732799    4.19370193    1.39650713    0.12710368
    14    0.00011971    0.12710358    1.39650713    4.19370194    2.41732947
    15    0.00030334    0.15639342    0.12710368    2.41732947    4.23020368
    16    0.00002349    0.01176952    0.01000026    0.10105354    1.21068191
    17    0.00003034    0.01219222    0.00474144    0.04464905    0.10070397
    18    0.00002991    0.01219141    0.00474097    0.04463749    0.10068323
    19    0.00000473    0.00183788    0.00086409    0.00629533    0.01347647
    20    0.00000070    0.00030327    0.00011971    0.00152129    0.01414755
    21    0.00000469    0.00183698    0.00086399    0.00629220    0.01347495
    22    0.00000069    0.00030348    0.00011972    0.00151785    0.01413624
    23    0.00002425    0.00814284    0.00260212    0.02080032    0.00973618
    24    0.00000032    0.00015685    0.00007014    0.00060759    0.00138829
    25    0.00000032    0.00015653    0.00007009    0.00060676    0.00138796
    26    0.00000060    0.00020484    0.00006386    0.00052372    0.00046396
            16            17            18            19            20      
     1    0.00112448    0.00099108    0.00099099    0.00016841    0.00002348
     2    0.00099097    0.00135638    0.00135316    0.00020857    0.00002990
     3    0.00016844    0.00020861    0.00020821    0.00003442    0.00000469
     4    0.00069219    0.00113537    0.00113625    0.00017582    0.00002425
     5    0.00016839    0.00020798    0.00020857    0.00003372    0.00000473
     6    0.00099111    0.00135203    0.00135660    0.00020801    0.00003033
     7    0.00002348    0.00002987    0.00003031    0.00000469    0.00000069
     8    0.00001237    0.00001095    0.00001039    0.00000187    0.00000033
     9    0.00001731    0.00002839    0.00002841    0.00000439    0.00000060
    10    0.00001235    0.00001033    0.00001086    0.00000170    0.00000032
    11    0.00002349    0.00003034    0.00002991    0.00000473    0.00000070
    12    0.01176952    0.01219222    0.01219141    0.00183788    0.00030327
    13    0.01000026    0.00474144    0.00474097    0.00086409    0.00011971
    14    0.10105354    0.04464905    0.04463749    0.00629533    0.00152129
    15    1.21068191    0.10070397    0.10068323    0.01347647    0.01414755
    16    4.42277212    1.34957055    1.34967126    0.09905254    0.04044235
    17    1.34957055    4.21299513    0.08915515    1.48174781    0.85998314
    18    1.34967126    0.08915515    4.21298667    0.09685826    0.00772341
    19    0.09905254    1.48174781    0.09685826    4.23322904    0.04276196
    20    0.04044235    0.85998314    0.00772341    0.04276196    0.98378947
    21    0.09905499    0.09686724    1.48166622    0.10407334    0.00248942
    22    0.04044751    0.00772509    0.85999768    0.00248935    0.00140007
    23    0.08850748    0.10407381    0.10407381    1.45459556    0.00778277
    24    0.00799736    0.04561659    0.00249181    0.87538291    0.00363980
    25    0.00799659    0.00249210    0.04561569    0.00813503    0.00013008
    26    0.00230168    0.00811563    0.00811663    0.04481217    0.00122463
            21            22            23            24            25      
     1    0.00016841    0.00002349    0.00069219    0.00001236    0.00001235
     2    0.00020818    0.00003032    0.00113613    0.00001087    0.00001038
     3    0.00003375    0.00000473    0.00017599    0.00000186    0.00000171
     4    0.00017599    0.00002421    0.00106112    0.00000555    0.00000563
     5    0.00003441    0.00000469    0.00017582    0.00000170    0.00000187
     6    0.00020860    0.00002987    0.00113549    0.00001034    0.00001094
     7    0.00000473    0.00000070    0.00002420    0.00000033    0.00000032
     8    0.00000171    0.00000032    0.00000564    0.00000026    0.00000025
     9    0.00000440    0.00000060    0.00002661    0.00000014    0.00000015
    10    0.00000185    0.00000033    0.00000554    0.00000026    0.00000026
    11    0.00000469    0.00000069    0.00002425    0.00000032    0.00000032
    12    0.00183698    0.00030348    0.00814284    0.00015685    0.00015653
    13    0.00086399    0.00011972    0.00260212    0.00007014    0.00007009
    14    0.00629220    0.00151785    0.02080032    0.00060759    0.00060676
    15    0.01347495    0.01413624    0.00973618    0.00138829    0.00138796
    16    0.09905499    0.04044751    0.08850748    0.00799736    0.00799659
    17    0.09686724    0.00772509    0.10407381    0.04561659    0.00249210
    18    1.48166622    0.85999768    0.10407381    0.00249181    0.04561569
    19    0.10407334    0.00248935    1.45459556    0.87538291    0.00813503
    20    0.00248942    0.00140007    0.00778277    0.00363980    0.00013008
    21    4.23324094    0.04276313    1.45467778    0.00813432    0.87538701
    22    0.04276313    0.98379667    0.00778206    0.00013010    0.00363982
    23    1.45467778    0.00778206    4.23339822    0.04459823    0.04460024
    24    0.00813432    0.00013010    0.04459823    0.99518876    0.00133542
    25    0.87538701    0.00363982    0.04460024    0.00133542    0.99519304
    26    0.04481264    0.00122463    0.87696204    0.00359537    0.00359554
            26      
     1    0.00001731
     2    0.00002841
     3    0.00000440
     4    0.00002661
     5    0.00000439
     6    0.00002839
     7    0.00000060
     8    0.00000015
     9    0.00000066
    10    0.00000014
    11    0.00000060
    12    0.00020484
    13    0.00006386
    14    0.00052372
    15    0.00046396
    16    0.00230168
    17    0.00811563
    18    0.00811663
    19    0.04481217
    20    0.00122463
    21    0.04481264
    22    0.00122463
    23    0.87696204
    24    0.00359537
    25    0.00359554
    26    0.99612899
 
 Localization index:
    1(C ):  3.832    2(C ):  4.070    3(C ):  4.085    4(C ):  4.083
    5(C ):  4.085    6(C ):  4.070    7(H ):  0.275    8(H ):  0.288
    9(H ):  0.289   10(H ):  0.288   11(H ):  0.275   12(C ):  3.947
   13(C ):  3.948   14(C ):  3.948   15(C ):  3.947   16(C ):  3.832
   17(C ):  4.070   18(C ):  4.070   19(C ):  4.085   20(H ):  0.275
   21(C ):  4.085   22(H ):  0.275   23(C ):  4.083   24(H ):  0.288
   25(H ):  0.288   26(H ):  0.289
 
