 ********************* Total delocalization index matrix *********************
             1             2             3             4             5      
     1    4.42267715    1.35136160    0.09908935    0.08900626    0.09910270
     2    1.35136160    4.21367653    1.48072707    0.10410247    0.09709651
     3    0.09908935    1.48072707    4.23297791    1.45529044    0.10424284
     4    0.08900626    0.10410247    1.45529044    4.23343452    1.45507252
     5    0.09910270    0.09709651    0.10424284    1.45507252    4.23300432
     6    1.35121137    0.08947311    0.09708423    0.10409230    1.48093406
     7    0.04049531    0.86050896    0.04275124    0.00777872    0.00249349
     8    0.00798972    0.04560600    0.87538948    0.04461552    0.00813824
     9    0.00231225    0.00812352    0.04482875    0.87704711    0.04483717
    10    0.00799261    0.00249615    0.00813409    0.04461954    0.87538998
    11    0.04049416    0.00772673    0.00249310    0.00778151    0.04275401
    12    1.20777911    0.10084596    0.01340665    0.00983614    0.01340508
    13    0.10095877    0.04499236    0.00631418    0.02124278    0.00631250
    14    0.00946007    0.00478096    0.00082800    0.00267755    0.00082785
    15    0.01170428    0.01254324    0.00186766    0.00859070    0.00186689
    16    0.00089262    0.00091933    0.00013992    0.00062190    0.00013985
    17    0.00091929    0.00080812    0.00013074    0.00039491    0.00013053
    18    0.00091893    0.00080672    0.00013058    0.00039479    0.00013061
    19    0.00013991    0.00013076    0.00002141    0.00007113    0.00002124
    20    0.00002312    0.00002494    0.00000391    0.00001630    0.00000392
    21    0.00013986    0.00013054    0.00002124    0.00007105    0.00002138
    22    0.00002313    0.00002504    0.00000392    0.00001632    0.00000391
    23    0.00062194    0.00039496    0.00007113    0.00005433    0.00007106
    24    0.00001273    0.00002085    0.00000310    0.00001936    0.00000307
    25    0.00001273    0.00002073    0.00000307    0.00001935    0.00000310
    26    0.00001534    0.00000989    0.00000179    0.00000153    0.00000178
             6             7             8             9            10      
     1    1.35121137    0.04049531    0.00798972    0.00231225    0.00799261
     2    0.08947311    0.86050896    0.04560600    0.00812352    0.00249615
     3    0.09708423    0.04275124    0.87538948    0.04482875    0.00813409
     4    0.10409230    0.00777872    0.04461552    0.87704711    0.04461954
     5    1.48093406    0.00249349    0.00813824    0.04483717    0.87538998
     6    4.21363344    0.00772785    0.00249577    0.00811916    0.04560395
     7    0.00772785    0.98442528    0.00363686    0.00122507    0.00013001
     8    0.00249577    0.00363686    0.99520817    0.00359645    0.00133574
     9    0.00811916    0.00122507    0.00359645    0.99623595    0.00359793
    10    0.04560395    0.00013001    0.00133574    0.00359793    0.99521204
    11    0.86050626    0.00139903    0.00013018    0.00122455    0.00363708
    12    0.10080679    0.01423275    0.00138490    0.00046698    0.00138537
    13    0.04497396    0.00152159    0.00059598    0.00053427    0.00059627
    14    0.00477842    0.00012078    0.00006697    0.00006523    0.00006700
    15    0.01253608    0.00030393    0.00014515    0.00021549    0.00014515
    16    0.00091885    0.00002313    0.00001273    0.00001534    0.00001273
    17    0.00080655    0.00002494    0.00002085    0.00000989    0.00002073
    18    0.00080741    0.00002503    0.00002073    0.00000989    0.00002083
    19    0.00013056    0.00000392    0.00000310    0.00000179    0.00000307
    20    0.00002501    0.00000062    0.00000040    0.00000040    0.00000040
    21    0.00013059    0.00000392    0.00000307    0.00000178    0.00000310
    22    0.00002493    0.00000062    0.00000040    0.00000040    0.00000040
    23    0.00039477    0.00001631    0.00001936    0.00000153    0.00001935
    24    0.00002073    0.00000040    0.00000004    0.00000049    0.00000003
    25    0.00002083    0.00000040    0.00000003    0.00000049    0.00000004
    26    0.00000989    0.00000040    0.00000049    0.00000004    0.00000049
            11            12            13            14            15      
     1    0.04049416    1.20777911    0.10095877    0.00946007    0.01170428
     2    0.00772673    0.10084596    0.04499236    0.00478096    0.01254324
     3    0.00249310    0.01340665    0.00631418    0.00082800    0.00186766
     4    0.00778151    0.00983614    0.02124278    0.00267755    0.00859070
     5    0.04275401    0.01340508    0.00631250    0.00082785    0.00186689
     6    0.86050626    0.10080679    0.04497396    0.00477842    0.01253608
     7    0.00139903    0.01423275    0.00152159    0.00012078    0.00030393
     8    0.00013018    0.00138490    0.00059598    0.00006697    0.00014515
     9    0.00122455    0.00046698    0.00053427    0.00006523    0.00021549
    10    0.00363708    0.00138537    0.00059627    0.00006700    0.00014515
    11    0.98441558    0.01422387    0.00152099    0.00012072    0.00030375
    12    0.01422387    4.23044398    2.41979565    0.12687620    0.15577391
    13    0.00152099    2.41979565    4.19369553    1.39366602    0.12687582
    14    0.00012072    0.12687620    1.39366602    4.19369586    2.41979064
    15    0.00030375    0.15577391    0.12687582    2.41979064    4.23044827
    16    0.00002312    0.01170454    0.00946028    0.10095973    1.20779089
    17    0.00002502    0.01254228    0.00478068    0.04499569    0.10084660
    18    0.00002493    0.01253821    0.00477906    0.04497358    0.10080644
    19    0.00000392    0.00186780    0.00082809    0.00631546    0.01340670
    20    0.00000062    0.00030382    0.00012076    0.00152273    0.01423403
    21    0.00000391    0.00186694    0.00082784    0.00631160    0.01340479
    22    0.00000062    0.00030387    0.00012075    0.00151990    0.01422240
    23    0.00001631    0.00859134    0.00267773    0.02124414    0.00983650
    24    0.00000040    0.00014522    0.00006701    0.00059641    0.00138513
    25    0.00000040    0.00014510    0.00006697    0.00059589    0.00138513
    26    0.00000040    0.00021550    0.00006523    0.00053430    0.00046698
            16            17            18            19            20      
     1    0.00089262    0.00091929    0.00091893    0.00013991    0.00002312
     2    0.00091933    0.00080812    0.00080672    0.00013076    0.00002494
     3    0.00013992    0.00013074    0.00013058    0.00002141    0.00000391
     4    0.00062190    0.00039491    0.00039479    0.00007113    0.00001630
     5    0.00013985    0.00013053    0.00013061    0.00002124    0.00000392
     6    0.00091885    0.00080655    0.00080741    0.00013056    0.00002501
     7    0.00002313    0.00002494    0.00002503    0.00000392    0.00000062
     8    0.00001273    0.00002085    0.00002073    0.00000310    0.00000040
     9    0.00001534    0.00000989    0.00000989    0.00000179    0.00000040
    10    0.00001273    0.00002073    0.00002083    0.00000307    0.00000040
    11    0.00002312    0.00002502    0.00002493    0.00000392    0.00000062
    12    0.01170454    0.01254228    0.01253821    0.00186780    0.00030382
    13    0.00946028    0.00478068    0.00477906    0.00082809    0.00012076
    14    0.10095973    0.04499569    0.04497358    0.00631546    0.00152273
    15    1.20779089    0.10084660    0.10080644    0.01340670    0.01423403
    16    4.42267733    1.35128610    1.35127296    0.09909046    0.04049253
    17    1.35128610    4.21365136    0.08947294    1.48079605    0.86049420
    18    1.35127296    0.08947294    4.21366139    0.09708344    0.00772715
    19    0.09909046    1.48079605    0.09708344    4.23298748    0.04275184
    20    0.04049253    0.86049420    0.00772715    0.04275184    0.98441039
    21    0.09910057    0.09709411    1.48088048    0.10424238    0.00249336
    22    0.04049692    0.00772744    0.86052021    0.00249315    0.00139904
    23    0.08900791    0.10410097    0.10409439    1.45522372    0.00777953
    24    0.00799071    0.04560465    0.00249576    0.87538928    0.00363683
    25    0.00799191    0.00249608    0.04560587    0.00813545    0.00013006
    26    0.00231230    0.00812198    0.00812047    0.04483285    0.00122487
            21            22            23            24            25      
     1    0.00013986    0.00002313    0.00062194    0.00001273    0.00001273
     2    0.00013054    0.00002504    0.00039496    0.00002085    0.00002073
     3    0.00002124    0.00000392    0.00007113    0.00000310    0.00000307
     4    0.00007105    0.00001632    0.00005433    0.00001936    0.00001935
     5    0.00002138    0.00000391    0.00007106    0.00000307    0.00000310
     6    0.00013059    0.00002493    0.00039477    0.00002073    0.00002083
     7    0.00000392    0.00000062    0.00001631    0.00000040    0.00000040
     8    0.00000307    0.00000040    0.00001936    0.00000004    0.00000003
     9    0.00000178    0.00000040    0.00000153    0.00000049    0.00000049
    10    0.00000310    0.00000040    0.00001935    0.00000003    0.00000004
    11    0.00000391    0.00000062    0.00001631    0.00000040    0.00000040
    12    0.00186694    0.00030387    0.00859134    0.00014522    0.00014510
    13    0.00082784    0.00012075    0.00267773    0.00006701    0.00006697
    14    0.00631160    0.00151990    0.02124414    0.00059641    0.00059589
    15    0.01340479    0.01422240    0.00983650    0.00138513    0.00138513
    16    0.09910057    0.04049692    0.08900791    0.00799071    0.00799191
    17    0.09709411    0.00772744    0.10410097    0.04560465    0.00249608
    18    1.48088048    0.86052021    0.10409439    0.00249576    0.04560587
    19    0.10424238    0.00249315    1.45522372    0.87538928    0.00813545
    20    0.00249336    0.00139904    0.00777953    0.00363683    0.00013006
    21    4.23299752    0.04275399    1.45513227    0.00813686    0.87538899
    22    0.04275399    0.98443066    0.00778100    0.00013015    0.00363740
    23    1.45513227    0.00778100    4.23343315    0.04461703    0.04461775
    24    0.00813686    0.00013015    0.04461703    0.99520913    0.00133574
    25    0.87538899    0.00363740    0.04461775    0.00133574    0.99521063
    26    0.04483286    0.00122476    0.87704784    0.00359715    0.00359714
            26      
     1    0.00001534
     2    0.00000989
     3    0.00000179
     4    0.00000153
     5    0.00000178
     6    0.00000989
     7    0.00000040
     8    0.00000049
     9    0.00000004
    10    0.00000049
    11    0.00000040
    12    0.00021550
    13    0.00006523
    14    0.00053430
    15    0.00046698
    16    0.00231230
    17    0.00812198
    18    0.00812047
    19    0.04483285
    20    0.00122487
    21    0.04483286
    22    0.00122476
    23    0.87704784
    24    0.00359715
    25    0.00359714
    26    0.99623627
 
 Localization index:
    1(C ):  3.832    2(C ):  4.070    3(C ):  4.085    4(C ):  4.083
    5(C ):  4.085    6(C ):  4.070    7(H ):  0.275    8(H ):  0.288
    9(H ):  0.289   10(H ):  0.288   11(H ):  0.275   12(C ):  3.947
   13(C ):  3.948   14(C ):  3.948   15(C ):  3.947   16(C ):  3.832
   17(C ):  4.070   18(C ):  4.070   19(C ):  4.085   20(H ):  0.275
   21(C ):  4.085   22(H ):  0.275   23(C ):  4.083   24(H ):  0.288
   25(H ):  0.288   26(H ):  0.289
 
