 ********************* Total delocalization index matrix *********************
             1             2             3             4             5      
     1    4.42269868    1.35129960    0.09910805    0.08908659    0.09910250
     2    1.35129960    4.21348920    1.48078940    0.10409308    0.09709188
     3    0.09910805    1.48078940    4.23290914    1.45516917    0.10424987
     4    0.08908659    0.10409308    1.45516917    4.23353594    1.45529744
     5    0.09910250    0.09709188    0.10424987    1.45529744    4.23290080
     6    1.35140175    0.08948730    0.09709661    0.10409821    1.48066725
     7    0.04049202    0.86045418    0.04275172    0.00778050    0.00249355
     8    0.00799166    0.04560267    0.87534872    0.04461632    0.00813551
     9    0.00231416    0.00811966    0.04483597    0.87704926    0.04483421
    10    0.00799006    0.00249613    0.00813756    0.04461531    0.87534840
    11    0.04049437    0.00772859    0.00249370    0.00777912    0.04275036
    12    1.20762817    0.10081608    0.01340395    0.00984173    0.01340440
    13    0.10095492    0.04498113    0.00631311    0.02125879    0.00631378
    14    0.00943659    0.00477948    0.00082624    0.00268032    0.00082630
    15    0.01170127    0.01254939    0.00186811    0.00860811    0.00186835
    16    0.00088267    0.00091558    0.00013863    0.00061874    0.00013865
    17    0.00091566    0.00078321    0.00012723    0.00036306    0.00012724
    18    0.00091571    0.00078329    0.00012724    0.00036312    0.00012725
    19    0.00013863    0.00012722    0.00002077    0.00006660    0.00002077
    20    0.00002310    0.00002474    0.00000388    0.00001596    0.00000388
    21    0.00013864    0.00012724    0.00002077    0.00006662    0.00002077
    22    0.00002310    0.00002475    0.00000388    0.00001597    0.00000388
    23    0.00061874    0.00036311    0.00006661    0.00001158    0.00006661
    24    0.00001274    0.00002120    0.00000314    0.00001993    0.00000314
    25    0.00001274    0.00002120    0.00000314    0.00001993    0.00000314
    26    0.00001525    0.00000909    0.00000167    0.00000046    0.00000167
             6             7             8             9            10      
     1    1.35140175    0.04049202    0.00799166    0.00231416    0.00799006
     2    0.08948730    0.86045418    0.04560267    0.00811966    0.00249613
     3    0.09709661    0.04275172    0.87534872    0.04483597    0.00813756
     4    0.10409821    0.00778050    0.04461632    0.87704926    0.04461531
     5    1.48066725    0.00249355    0.00813551    0.04483421    0.87534840
     6    4.21350303    0.00772755    0.00249628    0.00812178    0.04560257
     7    0.00772755    0.98436868    0.00363692    0.00122468    0.00013011
     8    0.00249628    0.00363692    0.99516636    0.00359729    0.00133585
     9    0.00812178    0.00122468    0.00359729    0.99624103    0.00359700
    10    0.04560257    0.00013011    0.00133585    0.00359700    0.99516434
    11    0.86045541    0.00139906    0.00013004    0.00122490    0.00363675
    12    0.10082378    0.01423430    0.00138519    0.00046727    0.00138495
    13    0.04499001    0.00152082    0.00059567    0.00053463    0.00059550
    14    0.00478065    0.00012076    0.00006686    0.00006528    0.00006684
    15    0.01255279    0.00030376    0.00014466    0.00021590    0.00014461
    16    0.00091581    0.00002310    0.00001274    0.00001525    0.00001274
    17    0.00078332    0.00002475    0.00002121    0.00000909    0.00002120
    18    0.00078339    0.00002475    0.00002121    0.00000910    0.00002120
    19    0.00012724    0.00000388    0.00000314    0.00000167    0.00000314
    20    0.00002475    0.00000062    0.00000040    0.00000039    0.00000040
    21    0.00012726    0.00000388    0.00000314    0.00000167    0.00000314
    22    0.00002475    0.00000062    0.00000040    0.00000039    0.00000040
    23    0.00036307    0.00001596    0.00001993    0.00000046    0.00001993
    24    0.00002121    0.00000040    0.00000003    0.00000050    0.00000003
    25    0.00002121    0.00000040    0.00000003    0.00000050    0.00000003
    26    0.00000909    0.00000039    0.00000050    0.00000002    0.00000050
            11            12            13            14            15      
     1    0.04049437    1.20762817    0.10095492    0.00943659    0.01170127
     2    0.00772859    0.10081608    0.04498113    0.00477948    0.01254939
     3    0.00249370    0.01340395    0.00631311    0.00082624    0.00186811
     4    0.00777912    0.00984173    0.02125879    0.00268032    0.00860811
     5    0.04275036    0.01340440    0.00631378    0.00082630    0.00186835
     6    0.86045541    0.10082378    0.04499001    0.00478065    0.01255279
     7    0.00139906    0.01423430    0.00152082    0.00012076    0.00030376
     8    0.00013004    0.00138519    0.00059567    0.00006686    0.00014466
     9    0.00122490    0.00046727    0.00053463    0.00006528    0.00021590
    10    0.00363675    0.00138495    0.00059550    0.00006684    0.00014461
    11    0.98437179    0.01423518    0.00152088    0.00012079    0.00030385
    12    0.01423518    4.23043772    2.41993695    0.12686692    0.15574925
    13    0.00152088    2.41993695    4.19367683    1.39352393    0.12686708
    14    0.00012079    0.12686692    1.39352393    4.19367690    2.41994021
    15    0.00030385    0.15574925    0.12686708    2.41994021    4.23043596
    16    0.00002310    0.01170109    0.00943646    0.10095412    1.20762106
    17    0.00002475    0.01255050    0.00477978    0.04498294    0.10081109
    18    0.00002475    0.01255102    0.00478012    0.04498636    0.10082922
    19    0.00000388    0.00186811    0.00082623    0.00631299    0.01340407
    20    0.00000062    0.00030379    0.00012077    0.00152060    0.01423215
    21    0.00000388    0.00186826    0.00082627    0.00631370    0.01340454
    22    0.00000062    0.00030381    0.00012078    0.00152105    0.01423741
    23    0.00001597    0.00860787    0.00268025    0.02125822    0.00984165
    24    0.00000040    0.00014462    0.00006684    0.00059553    0.00138509
    25    0.00000040    0.00014464    0.00006685    0.00059562    0.00138508
    26    0.00000039    0.00021589    0.00006527    0.00053462    0.00046727
            16            17            18            19            20      
     1    0.00088267    0.00091566    0.00091571    0.00013863    0.00002310
     2    0.00091558    0.00078321    0.00078329    0.00012722    0.00002474
     3    0.00013863    0.00012723    0.00012724    0.00002077    0.00000388
     4    0.00061874    0.00036306    0.00036312    0.00006660    0.00001596
     5    0.00013865    0.00012724    0.00012725    0.00002077    0.00000388
     6    0.00091581    0.00078332    0.00078339    0.00012724    0.00002475
     7    0.00002310    0.00002475    0.00002475    0.00000388    0.00000062
     8    0.00001274    0.00002121    0.00002121    0.00000314    0.00000040
     9    0.00001525    0.00000909    0.00000910    0.00000167    0.00000039
    10    0.00001274    0.00002120    0.00002120    0.00000314    0.00000040
    11    0.00002310    0.00002475    0.00002475    0.00000388    0.00000062
    12    0.01170109    0.01255050    0.01255102    0.00186811    0.00030379
    13    0.00943646    0.00477978    0.00478012    0.00082623    0.00012077
    14    0.10095412    0.04498294    0.04498636    0.00631299    0.00152060
    15    1.20762106    0.10081109    0.10082922    0.01340407    0.01423215
    16    4.42269798    1.35136707    1.35134044    0.09910781    0.04049410
    17    1.35136707    4.21349609    0.08948663    1.48072454    0.86045846
    18    1.35134044    0.08948663    4.21349531    0.09709634    0.00772832
    19    0.09910781    1.48072454    0.09709634    4.23290758    0.04275118
    20    0.04049410    0.86045846    0.00772832    0.04275118    0.98437234
    21    0.09910433    0.09709271    1.48072808    0.10424957    0.00249358
    22    0.04049190    0.00772777    0.86045132    0.00249368    0.00139903
    23    0.08908675    0.10409480    0.10409663    1.45523508    0.00777989
    24    0.00799086    0.04560232    0.00249626    0.87534850    0.00363687
    25    0.00799080    0.00249615    0.04560270    0.00813662    0.00013009
    26    0.00231417    0.00812062    0.00812087    0.04483593    0.00122477
            21            22            23            24            25      
     1    0.00013864    0.00002310    0.00061874    0.00001274    0.00001274
     2    0.00012724    0.00002475    0.00036311    0.00002120    0.00002120
     3    0.00002077    0.00000388    0.00006661    0.00000314    0.00000314
     4    0.00006662    0.00001597    0.00001158    0.00001993    0.00001993
     5    0.00002077    0.00000388    0.00006661    0.00000314    0.00000314
     6    0.00012726    0.00002475    0.00036307    0.00002121    0.00002121
     7    0.00000388    0.00000062    0.00001596    0.00000040    0.00000040
     8    0.00000314    0.00000040    0.00001993    0.00000003    0.00000003
     9    0.00000167    0.00000039    0.00000046    0.00000050    0.00000050
    10    0.00000314    0.00000040    0.00001993    0.00000003    0.00000003
    11    0.00000388    0.00000062    0.00001597    0.00000040    0.00000040
    12    0.00186826    0.00030381    0.00860787    0.00014462    0.00014464
    13    0.00082627    0.00012078    0.00268025    0.00006684    0.00006685
    14    0.00631370    0.00152105    0.02125822    0.00059553    0.00059562
    15    0.01340454    0.01423741    0.00984165    0.00138509    0.00138508
    16    0.09910433    0.04049190    0.08908675    0.00799086    0.00799080
    17    0.09709271    0.00772777    0.10409480    0.04560232    0.00249615
    18    1.48072808    0.86045132    0.10409663    0.00249626    0.04560270
    19    0.10424957    0.00249368    1.45523508    0.87534850    0.00813662
    20    0.00249358    0.00139903    0.00777989    0.00363687    0.00013009
    21    4.23290172    0.04275078    1.45523298    0.00813643    0.87534899
    22    0.04275078    0.98436755    0.00777966    0.00013006    0.00363674
    23    1.45523298    0.00777966    4.23353643    0.04461620    0.04461537
    24    0.00813643    0.00013006    0.04461620    0.99516543    0.00133583
    25    0.87534899    0.00363674    0.04461537    0.00133583    0.99516521
    26    0.04483448    0.00122481    0.87704914    0.00359731    0.00359701
            26      
     1    0.00001525
     2    0.00000909
     3    0.00000167
     4    0.00000046
     5    0.00000167
     6    0.00000909
     7    0.00000039
     8    0.00000050
     9    0.00000002
    10    0.00000050
    11    0.00000039
    12    0.00021589
    13    0.00006527
    14    0.00053462
    15    0.00046727
    16    0.00231417
    17    0.00812062
    18    0.00812087
    19    0.04483593
    20    0.00122477
    21    0.04483448
    22    0.00122481
    23    0.87704914
    24    0.00359731
    25    0.00359701
    26    0.99624122
 
 Localization index:
    1(C ):  3.832    2(C ):  4.070    3(C ):  4.085    4(C ):  4.083
    5(C ):  4.085    6(C ):  4.070    7(H ):  0.275    8(H ):  0.288
    9(H ):  0.289   10(H ):  0.288   11(H ):  0.275   12(C ):  3.947
   13(C ):  3.948   14(C ):  3.948   15(C ):  3.947   16(C ):  3.832
   17(C ):  4.070   18(C ):  4.070   19(C ):  4.085   20(H ):  0.275
   21(C ):  4.085   22(H ):  0.275   23(C ):  4.083   24(H ):  0.288
   25(H ):  0.288   26(H ):  0.289
 
